7.6731e-05
6.3239e-05
5.7554e-05
8.2736e-05
3.932e-05
3.4811e-05
8.602e-05
5.0006e-05
7.5273e-05
2.6351e-05
2.7994e-05
1.6768e-05
3.2038e-05
3.5293e-05
3.0363e-05
5.822e-05
6.3493e-05
3.3194e-05
5.476e-05
0.000115736
5.1487e-05
0.000122073
0.000127194
0.000108604
0.000212642
0.000263551
0.000153901
0.000252172
0.00032973
0.000125236
0.000333545
0.000262791
0.000301918
0.000591402
0.000236589
0.000414177
0.00105539
0.000998607
0.000860703
0.0013199
0.00104957
0.00137837
0.0021866
0.0018217
0.0011925
0.00231855
0.0013673
0.00195732
0.00347391
0.00559242
0.00243265
0.00479519
0.00308303
0.00486279
0.00470584
0.0038049
0.0122048
0.0105045
0.00666418
0.0109912
0.00835912
0.0107233
0.0055263
0.0108436
0.0129662
0.00811295
0.0170559
0.0440328
0.0373631
0.038107
0.0289153
0.0389437
0.0592852
0.0822686
0.0336149
0.0603787
0.0358351
0.0851932
0.188203
0.168536
0.128241
0.230487
0.183111
0.0851437
0.28328
0.257173
0.219097
0.371413
0.329178
0.374269
0.179549
0.411827
0.571231
1.01846
0.792023
0.443704
0.992122
0.249826
0.565342
0.767682
1.06309
0.8749
0.650843
1.49546
1.46583
3.05641
2.52796
1.36961
3.4454
2.58294
4.03783
