0.000124332
0.000110498
0.00010181
9.8228e-05
6.0387e-05
5.8256e-05
0.000107082
7.0118e-05
9.9488e-05
2.7219e-05
3.5877e-05
1.9907e-05
3.8097e-05
3.6321e-05
2.8384e-05
5.2953e-05
3.6702e-05
2.7684e-05
4.7162e-05
8.232e-05
3.122e-05
6.3285e-05
7.0272e-05
5.772e-05
8.3514e-05
0.000149221
6.7124e-05
8.6268e-05
0.000100116
6.516e-05
0.000154065
6.4475e-05
7.361e-05
0.000163081
7.1777e-05
0.000108263
0.000292965
0.000175977
0.000219917
0.000225207
0.000184181
0.000196611
0.00030138
0.000205698
0.000149776
0.000174643
0.000196526
0.000211112
0.000498337
0.00061997
0.000191508
0.000385782
0.000334308
0.00041014
0.000505954
0.000168917
0.000758986
0.000446428
0.000211727
0.000591472
0.000239395
0.000487598
0.000219601
0.000413149
0.000348063
0.000172918
0.00037613
0.000998212
0.00138945
0.000606511
0.000520869
0.00060182
0.000756609
0.00127926
0.000673654
0.00104452
0.000863425
0.000769744
0.00219524
0.00168579
0.00135016
0.00160129
0.0010934
0.000252304
0.00204324
0.00187122
0.000888932
0.00112763
0.00168172
0.00122742
0.00119963
0.00197565
0.00221074
0.0036576
0.0014501
0.00132139
0.00249628
0.000421727
0.00159792
0.00270815
0.00198729
0.00125689
0.000645943
0.0022495
0.0032591
0.00301702
0.00154256
0.00141003
0.0045817
0.00345841
0.00355979
0.00290547
0.00234886
0.00659505
0.0103053
0.00401652
0.00936568
0.00622869
0.00461103
0.00782004
0.00699234
0.00228777
0.0136216
0.00474226
0.00897501
0.00905583
0.0209932
0.0113011
0.0220032
0.0107432
0.0173604
0.00669034
0.00563201
0.0338998
0.00479258
0.0153588
0.0186059
0.0159882
0.0145904
0.0178819
0.00967961
0.0165466
0.0291042
0.015531
0.0102927
0.0270184
0.0222954
0.0211848
0.0182396
0.0253042
0.0290715
0.0144314
0.0174885
0.0193934
0.0221049
0.0301141
0.077819
0.102654
0.0635735
0.0363879
0.0269706
0.0353296
0.0340066
0.0666395
0.0214427
0.0203771
0.0322281
0.032132
0.109625
0.0425117
0.0490589
0.117345
0.0472327
0.034064
0.0649245
0.0419495
0.0654122
0.0549268
0.151072
0.0888127
0.108284
0.0546212
0.25778
0.202822
0.090223
0.0860516
0.10842
0.0489791
0.196932
0.249868
0.138497
0.112442
0.111771
0.265683
0.10113
0.14881
0.186237
0.177525
0.502724
0.230154
0.321553
0.267556
0.260658
0.199302
0.769491
0.415016
0.246984
0.342939
0.233131
0.0338309
0.317287
0.368048
0.34092
0.221553
0.620085
0.476265
1.7129
0.561724
0.256915
0.487887
0.672207
0.540498
0.919104
0.83916
1.24949
0.366708
0.469506
0.206844
0.232948
1.4347
0.734413
0.74889
0.433508
0.854594
0.870908
1.30208
1.68373
2.11147
0.301167
0.733406
2.8653
6.28966
0.901487
4.20925
0.771634
2.54832
0.831147
4.54333
2.52662
5.339
1.60172
1.29866
1.84431
0.944323
4.00681
1.92474
2.42993
0.595208
3.3009
2.63153
2.71781
