0.0001346
0.000120983
0.000112181
0.000108831
6.61e-05
6.4853e-05
0.000121933
7.4906e-05
8.3899e-05
3.958e-05
5.0468e-05
2.3349e-05
5.5693e-05
5.9226e-05
4.6758e-05
7.9091e-05
5.5654e-05
3.3035e-05
5.5833e-05
0.000155849
4.0833e-05
0.000115735
0.000107988
7.7399e-05
0.000122007
0.000249131
0.000103991
0.000127494
0.000133294
9.7327e-05
0.000191799
0.000117995
0.000105848
0.000182361
0.000106781
0.000141827
0.000395238
0.000241486
0.000324337
0.000352867
0.000253861
0.000204017
0.000512651
0.000266415
0.000220203
0.000282657
0.000356471
0.000269265
0.000680671
0.000994652
0.000281215
0.000549043
0.000305589
0.00053019
0.000565096
0.000220064
0.00106695
0.000672949
0.000261109
0.000741664
0.000375703
0.000663129
0.000236711
0.000491633
0.000601421
0.000230718
0.000497114
0.00144765
0.00197346
0.000928935
0.000881621
0.000875386
0.00123275
0.00203201
0.00121235
0.00158916
0.00143229
0.00131922
0.00345676
0.00205319
0.00184479
0.00301309
0.00187701
0.000318856
0.00267184
0.00242255
0.00152487
0.00163799
0.00180699
0.00148891
0.00155116
0.00296625
0.0030707
0.00504554
0.002426
0.00219694
0.0038969
0.000502432
0.002512
0.00402462
0.00381902
0.0017148
0.000864372
0.00215032
0.0039223
0.00455234
0.00264645
0.0018445
0.00690462
0.00489862
0.00577716
0.00366694
0.00405491
0.0109408
0.0168681
0.00633702
0.0136338
0.00877249
0.00754171
0.00921464
0.00887801
0.00418177
0.0197089
0.00437599
0.0107945
0.0124022
0.0276185
0.0162639
0.0321384
0.0188765
0.0218358
0.00964887
0.00740465
0.0448941
0.00759525
0.0199775
0.0259627
0.0263332
0.0190634
0.0269736
0.0163614
0.0248644
0.0388156
0.0234781
0.0154795
0.0326356
0.0346869
0.0318748
0.0275292
0.0336861
0.0439757
0.0155301
0.022703
0.0288693
0.0308093
0.0375696
0.12654
0.141663
0.0847307
0.0515255
0.0389255
0.049958
0.0499182
0.115574
0.0269517
0.0294522
0.0476981
0.0529976
0.176742
0.0585921
0.0619839
0.170577
0.0631855
0.0440695
0.113069
0.0592137
0.0974763
0.0819019
0.212759
0.116412
0.163854
0.0830012
0.370592
0.276647
0.133286
0.136484
0.135941
0.0674843
0.252215
0.332125
0.176946
0.20617
0.142891
0.562475
0.134864
0.204397
0.25672
0.211564
0.580741
0.323798
0.422549
0.379155
0.4126
0.287915
1.30666
0.671181
0.316634
0.510652
0.319722
0.0403413
0.397685
0.526622
0.489999
0.275596
1.0612
0.612328
2.22126
0.879419
0.314082
0.692836
0.867677
0.978459
1.34647
1.55337
1.80558
0.530118
0.679418
0.278707
0.364948
1.96236
0.909545
1.08012
0.642352
1.21016
1.75592
2.25157
2.32221
2.71985
0.574314
1.17434
3.68053
9.06605
1.11184
5.68831
0.908683
2.97635
0.979842
6.50264
3.83321
8.75403
1.99843
1.84694
2.81359
1.14268
7.68615
2.46275
3.44608
0.79913
5.66387
3.60963
3.98838
