0.000214089
0.000148564
0.000137421
0.000118535
0.000162577
0.000150883
0.000346656
0.000108283
0.000101562
0.00015614
0.000152785
9.7354e-05
0.000388015
0.000232573
0.000137018
0.000355256
0.000177014
0.000341649
0.000133569
9.5897e-05
0.000237327
0.000147671
0.000110083
0.000126322
0.000306333
0.000372811
0.000311946
9.4966e-05
0.000166163
0.000270612
0.000285374
0.00017704
0.000222862
6.5188e-05
0.000179038
0.000198576
0.000609604
0.000396002
6.4119e-05
0.000159556
9.7217e-05
0.000130973
0.000158878
0.000476977
0.000108394
0.000415917
0.000227532
0.000159025
0.000218868
0.000332603
0.000425284
0.000260911
0.000248508
0.000329252
0.000231415
0.000403176
0.000734509
0.000433033
0.00057708
0.000590998
0.000961027
0.000627301
0.00048998
0.000436296
0.000624895
0.000462854
0.000906132
0.000943545
0.00111327
0.000458967
0.000481372
0.000976819
0.000551755
0.00177285
0.000468033
0.00111984
0.000905165
0.00044397
0.00179421
0.000482618
0.00158858
0.00149836
0.00101008
0.00188829
0.00170516
0.00148764
0.00294887
0.0012259
0.00215007
0.00207319
0.00231012
0.00264657
0.00239554
0.00273461
0.00244041
0.00175663
0.00212592
0.00630533
0.00484618
0.0029817
0.00192647
0.0042847
0.00268396
0.00603506
0.0018137
0.00131798
0.00165676
0.00191098
0.00644391
0.00239561
0.00372236
0.00528118
0.00221521
0.00283022
0.00301452
0.0054314
0.00830627
0.00187441
0.00761773
0.00880811
0.00768822
0.0101299
0.0122492
0.00390111
0.0137739
0.0131674
0.0121575
0.00808973
0.00405364
0.00502435
0.013078
0.00664598
0.00822073
0.00360137
0.0153438
0.00720158
0.00586814
0.0206849
0.0040771
0.0170016
0.019377
0.0299926
0.0129662
0.0125324
0.0269955
0.0327575
0.0201609
0.0346882
0.00569127
0.0114564
0.0358226
0.026467
0.0302556
0.0272139
0.0269482
0.0271324
0.0536298
0.027946
0.0150179
0.0436638
0.0475634
0.0466316
0.0223971
0.0143686
0.0877146
0.0419572
0.032095
0.0233788
0.0680035
0.135464
0.10822
0.0155925
0.0847806
0.0315658
0.0542569
0.131261
0.204915
0.0600864
0.0121163
0.073135
0.162415
0.0454115
0.0206663
0.106782
0.18496
0.177863
0.120768
0.298035
0.147919
0.266388
0.234045
0.0918717
0.125963
0.145059
0.0380016
0.154258
0.117022
0.17782
0.420881
0.514326
0.128952
0.143905
0.36411
0.149938
0.256517
0.829172
0.288977
0.257513
0.611456
0.310422
0.282377
0.243358
0.496265
0.249347
1.20479
0.225414
0.318981
0.290703
0.480192
0.462381
0.943751
0.525814
0.635211
0.984299
0.27462
0.285399
0.307713
0.173736
1.12458
0.737113
1.93103
0.130616
1.85312
1.24013
0.476349
1.36062
0.214752
0.76806
1.32269
2.75814
3.00052
0.193798
1.33788
1.87879
0.629641
1.12513
3.08182
2.20982
1.01813
1.94758
0.965626
1.1397
2.07156
3.31199
3.26111
2.99519
1.90497
1.09868
8.45105
3.4783
7.78532
