0.000295643
0.000216314
0.000200103
0.000180915
0.000183794
0.000211073
0.000438553
0.000121487
0.000129576
0.000319155
0.000279648
0.000164009
0.000701301
0.000593058
0.000207954
0.000638491
0.000249387
0.000429511
0.000233592
0.000223916
0.00033968
0.00027531
0.000153493
0.0003659
0.000769072
0.000377271
0.000657922
0.000126411
0.0006042
0.000329953
0.00080468
0.000284154
0.000272023
8.5363e-05
0.000222452
0.000436118
0.000514795
0.000612658
0.000102606
0.000346959
0.00013617
0.000213921
0.000344646
0.000486387
0.000147719
0.000719869
0.000397373
0.000262057
0.000307508
0.000265415
0.000642437
0.000593049
0.000307012
0.000662162
0.000408491
0.00050307
0.000821303
0.000709877
0.000918601
0.00101414
0.0014842
0.00109852
0.000661407
0.000657276
0.00118053
0.00044899
0.0019768
0.00149686
0.0020169
0.00106352
0.000640526
0.00132533
0.000959447
0.00305884
0.000756476
0.0016989
0.00127273
0.000729289
0.00279653
0.00111149
0.00215726
0.00273375
0.00145419
0.0021889
0.00355486
0.00204229
0.00523626
0.00198733
0.00343299
0.00292955
0.00362834
0.00430785
0.00365155
0.00537306
0.00453103
0.00212278
0.00374548
0.00866307
0.00659769
0.00479358
0.00235034
0.00660337
0.00435531
0.0101917
0.00235591
0.00191917
0.00299221
0.00278265
0.0118755
0.00276159
0.00637395
0.00727426
0.00285724
0.00348173
0.00496839
0.00794084
0.0160146
0.00330889
0.0131471
0.0130624
0.0119908
0.0149137
0.0245454
0.00790399
0.021639
0.0197665
0.0212877
0.0127738
0.006228
0.00797085
0.0243472
0.0103484
0.0107947
0.00482973
0.0231959
0.00989331
0.00682094
0.0378767
0.0086225
0.025377
0.0259886
0.0448864
0.0245057
0.0173672
0.0406867
0.0441394
0.0334255
0.0627937
0.0118125
0.0194754
0.0641882
0.0310706
0.0389528
0.0476282
0.0385504
0.0497874
0.0676329
0.0363369
0.0233237
0.0762581
0.0720568
0.0855929
0.0334293
0.0259821
0.144459
0.0712151
0.047561
0.0439044
0.102286
0.184358
0.144249
0.0201331
0.118889
0.046129
0.0843329
0.182214
0.376818
0.0803563
0.0185023
0.0934336
0.344973
0.0644654
0.0266875
0.169015
0.2672
0.366647
0.205154
0.515741
0.204042
0.384575
0.422681
0.120637
0.190999
0.222575
0.0547296
0.222858
0.152445
0.234207
0.622075
0.664474
0.165095
0.240934
0.533619
0.197877
0.517707
1.14173
0.425698
0.35515
0.862442
0.44472
0.395191
0.344834
0.682003
0.385059
1.69669
0.294155
0.503619
0.401309
0.630719
0.582694
1.60555
0.744833
1.03019
1.31629
0.368338
0.421235
0.42266
0.242615
1.80857
1.16964
3.72918
0.176296
2.33827
1.7261
0.721855
2.0407
0.297853
1.56323
2.61788
3.88124
3.91997
0.262059
2.28793
2.88759
0.854368
1.71606
4.30189
3.19398
1.46517
2.81603
1.36362
1.37613
2.6794
5.77213
5.35702
5.57268
2.51257
1.68676
11.3219
4.79807
12.2239
