0.000214435
0.000210027
0.000190639
0.000196406
0.000183029
0.000177165
0.000279176
0.000138873
0.000150628
0.000209475
0.000229013
0.000109141
0.000611159
0.000477838
0.000201915
0.000476415
0.000238365
0.000324227
0.000216944
0.000156619
0.000308816
0.000207011
0.000135456
0.000278571
0.000589115
0.000407666
0.000464069
9.5574e-05
0.000321891
0.000200912
0.00066503
0.000381689
0.000309214
8.0201e-05
0.000138957
0.000265046
0.000455949
0.000476145
8.3818e-05
0.00028089
0.000119945
0.000185655
0.000267037
0.000421385
0.000129084
0.0005212
0.000321477
0.000225115
0.000253164
0.000261112
0.000530687
0.000461146
0.000287973
0.000535548
0.000333739
0.000479366
0.00103416
0.000633922
0.000838133
0.000876276
0.0013091
0.000992861
0.000582768
0.000616427
0.00103129
0.000390557
0.00155451
0.00131564
0.00173248
0.000727486
0.000623886
0.00118692
0.00082846
0.00264092
0.000639755
0.00151818
0.00121901
0.000670295
0.00249008
0.000927608
0.00187226
0.00227468
0.00130912
0.00203253
0.00300383
0.00189069
0.00436415
0.00185155
0.00293571
0.00267935
0.0032133
0.00382551
0.00332416
0.00425904
0.00423639
0.00195045
0.00337007
0.00838631
0.00683462
0.0042764
0.00216991
0.0059539
0.00370429
0.0087075
0.00221531
0.00163582
0.0025719
0.00255376
0.00954606
0.00272677
0.00604657
0.00721471
0.00268247
0.00347099
0.00463082
0.00768771
0.0159151
0.00289167
0.0120641
0.0122406
0.0116687
0.0138309
0.0217763
0.00722998
0.0205975
0.0186386
0.0189645
0.0135545
0.0055964
0.00698566
0.0213475
0.00948631
0.0110431
0.00464418
0.0214938
0.00973859
0.00652071
0.034235
0.00762564
0.0229745
0.025001
0.0410136
0.0206548
0.016386
0.0399183
0.0433692
0.0312495
0.0587941
0.00892494
0.0164327
0.0532602
0.0302707
0.0364898
0.0402291
0.0371693
0.0475628
0.0639526
0.0344443
0.0210274
0.0720518
0.0696981
0.0793178
0.0329247
0.0223005
0.137975
0.0675784
0.0462367
0.0425991
0.0949136
0.182052
0.142085
0.0189283
0.114136
0.0434464
0.0827862
0.17539
0.342623
0.0779451
0.0179858
0.0916599
0.317406
0.0617629
0.0256646
0.154701
0.252605
0.340801
0.190203
0.488228
0.195791
0.374112
0.400126
0.116755
0.178182
0.212155
0.0538414
0.213902
0.146531
0.230227
0.59299
0.638704
0.163358
0.220269
0.512213
0.189999
0.466701
1.11318
0.414544
0.335753
0.832042
0.435634
0.363323
0.32195
0.671189
0.368376
1.64101
0.287913
0.471634
0.386218
0.606854
0.565322
1.5506
0.712908
0.970914
1.27686
0.337013
0.408388
0.417398
0.232345
1.70517
1.06189
3.50826
0.170205
2.2688
1.6815
0.683742
1.98693
0.276734
1.42307
2.45446
3.81016
3.88582
0.247556
2.22963
2.80344
0.796185
1.65282
4.21334
3.05864
1.38791
2.72313
1.31101
1.33699
2.54251
5.3243
5.12789
5.56585
2.41654
1.61448
10.9774
4.55346
11.7695
