0.000195872
0.000202593
0.000180568
0.000157856
0.000242659
0.00016323
0.000223712
9.5158e-05
9.1896e-05
0.000191689
0.000166505
8.9363e-05
0.000525839
0.000429761
0.000210932
0.000315254
0.000201519
0.000221293
0.000160718
0.000133271
0.000273512
0.000198895
8.7716e-05
0.000367445
0.00055572
0.000510658
0.000436337
8.8402e-05
0.000266908
0.000180277
0.000663893
0.000256442
0.000201144
9.3493e-05
0.000114456
0.000155114
0.000415048
0.000431508
6.7113e-05
0.000250848
0.000103262
0.000165508
0.000227501
0.000388805
0.000111623
0.000359052
0.000300935
0.000204913
0.000277575
0.000225093
0.000488614
0.000431081
0.00026618
0.000633759
0.000311778
0.000443558
0.00106945
0.000394869
0.000788821
0.000801617
0.00125752
0.000930013
0.000542494
0.000575855
0.00102865
0.000341834
0.00149008
0.00123921
0.00165716
0.000653334
0.000593868
0.00111972
0.000755254
0.00258851
0.000601839
0.00144288
0.00112703
0.000611961
0.00233982
0.000828222
0.00178328
0.00226165
0.00124016
0.00189152
0.00277331
0.00177688
0.00371339
0.00170049
0.0028083
0.00245537
0.00294078
0.00362699
0.00312122
0.00406728
0.00383772
0.00180772
0.00311731
0.00760155
0.00578858
0.00409359
0.00206487
0.00549679
0.00351504
0.007391
0.00211488
0.00148913
0.0024135
0.00234261
0.00866584
0.00257171
0.00546761
0.00624979
0.00238365
0.00318232
0.00400963
0.007216
0.0131892
0.00283626
0.0109367
0.0111724
0.0105576
0.0124405
0.021918
0.00543355
0.0170102
0.0161424
0.0177798
0.0120714
0.00685319
0.00671903
0.019447
0.00772733
0.00966047
0.00441833
0.0193267
0.00883258
0.00630681
0.0321094
0.00663433
0.0207987
0.0225331
0.0382541
0.019411
0.015641
0.0349557
0.0395137
0.0280402
0.0510032
0.00826675
0.0149025
0.0470013
0.0289126
0.0337365
0.037547
0.032792
0.0421479
0.0632287
0.0319004
0.0179584
0.063687
0.0631946
0.0689429
0.0291087
0.0193789
0.119962
0.0593567
0.0413696
0.0362856
0.0847964
0.158052
0.124459
0.0157238
0.0995144
0.0396918
0.0740241
0.160137
0.290117
0.0690106
0.0163562
0.0791428
0.275145
0.0535434
0.0227084
0.127878
0.213312
0.293495
0.165654
0.411892
0.174402
0.302763
0.343431
0.102258
0.158389
0.177655
0.0487993
0.186637
0.128577
0.198689
0.504284
0.561849
0.138761
0.209308
0.455475
0.168938
0.390641
0.927841
0.3687
0.281236
0.741198
0.404072
0.298881
0.278646
0.583064
0.323254
1.39278
0.261169
0.436459
0.350039
0.514197
0.537463
1.31431
0.613573
0.889447
1.11539
0.323585
0.35032
0.368333
0.197836
1.57735
0.91089
3.11609
0.150196
1.99913
1.38563
0.617871
1.62263
0.237372
1.18893
2.03202
3.15877
3.27448
0.227934
1.81515
2.42729
0.723082
1.2597
3.66146
2.57811
1.28471
2.37004
1.14408
1.16092
1.92583
4.59171
4.08834
4.26432
2.06276
1.38015
10.1085
3.98971
10.0228
