0.000246408
0.000187777
0.000182852
0.000165752
0.000166914
0.00017191
0.000239679
0.000101249
9.9473e-05
0.000184326
0.000178078
9.6957e-05
0.000775196
0.000425535
0.000196646
0.000294478
0.000334113
0.000297199
0.000171405
0.000141482
0.000296499
0.000161699
0.000126766
0.000187937
0.000558312
0.000534995
0.000390971
9.1733e-05
0.000369271
0.000185379
0.000653515
0.000211617
0.000296383
7.1987e-05
0.000120154
0.000265285
0.000452084
0.000447076
7.5709e-05
0.00026396
0.000108485
0.000171055
0.000305915
0.000402607
0.000117473
0.000365277
0.000309792
0.000210184
0.000240213
0.000238325
0.000494208
0.000448447
0.000270204
0.00102139
0.000312713
0.000456538
0.00109414
0.000613015
0.000814402
0.000829018
0.00127518
0.000949201
0.000561346
0.000596493
0.00101247
0.000358662
0.00152776
0.00127536
0.00172244
0.000698408
0.000589685
0.00115865
0.000791836
0.00265878
0.000660962
0.00147905
0.00117775
0.000634636
0.00242027
0.000887312
0.00185475
0.00223104
0.00127741
0.00194023
0.00290354
0.00185847
0.00409184
0.00176787
0.00287417
0.0026398
0.00309543
0.00375687
0.00324816
0.00405034
0.00422339
0.00187388
0.0033182
0.00803256
0.00629359
0.00416205
0.00213906
0.0056942
0.00408762
0.00828522
0.00215974
0.00163684
0.00249822
0.00247426
0.00917961
0.00269398
0.00583285
0.00657781
0.00256857
0.00331568
0.00442536
0.0078097
0.0147085
0.0027915
0.0116742
0.0119264
0.011307
0.0133567
0.0231959
0.00715305
0.0193186
0.0180695
0.0191807
0.0137802
0.00664722
0.00683508
0.0199889
0.00898922
0.0101234
0.0045367
0.0214081
0.00945416
0.00617661
0.0324097
0.00735417
0.0219786
0.0240478
0.0397854
0.0206516
0.0155554
0.0376811
0.0414318
0.030256
0.0605015
0.0085392
0.0163702
0.0495654
0.0298431
0.0354198
0.0387059
0.0346351
0.0453529
0.0613835
0.0341734
0.0202516
0.0688426
0.0675547
0.0754509
0.0312879
0.021305
0.134549
0.0642741
0.0425655
0.0414254
0.0920623
0.175561
0.13598
0.0172363
0.108328
0.0420231
0.0794444
0.169439
0.329165
0.0741884
0.0171726
0.0858587
0.301255
0.0575344
0.0248109
0.147749
0.242239
0.326552
0.182278
0.452376
0.190409
0.35084
0.364624
0.11005
0.17391
0.208335
0.0523895
0.208425
0.145246
0.220234
0.571576
0.622733
0.153672
0.206038
0.494526
0.180562
0.432534
1.08418
0.38864
0.317893
0.825368
0.418495
0.321373
0.331515
0.62954
0.350591
1.55449
0.268568
0.444562
0.370925
0.573719
0.568669
1.44835
0.665627
0.926017
1.20636
0.323744
0.382895
0.390906
0.220878
1.68229
1.01828
3.38773
0.164253
2.27544
1.50037
0.650896
1.88497
0.29188
1.28637
2.26151
3.51842
3.67376
0.238155
2.04799
2.62896
0.818476
1.54462
4.03161
2.80826
1.4215
2.45376
1.24015
1.33078
2.34533
5.0336
4.85801
4.97249
2.24131
1.52141
10.4351
4.25978
10.9451
