5.6945e-05
0.000147691
0.000100404
9.3321e-05
5.3349e-05
8.4917e-05
0.00010018
0.000210405
0.000243273
1.9895e-05
1.9398e-05
1.601e-05
7.689e-05
2.0676e-05
6.9761e-05
3.8838e-05
3.077e-05
3.7362e-05
4.5789e-05
2.6716e-05
5.1927e-05
4.8937e-05
5.2987e-05
4.1911e-05
0.000140853
5.6697e-05
0.000138731
9.4159e-05
4.509e-05
4.3037e-05
8.9154e-05
4.2484e-05
0.000165482
4.4864e-05
0.000122667
9.6526e-05
0.000135773
9.2569e-05
0.00014758
0.000150003
7.3454e-05
0.000207107
0.000248509
0.000247774
0.000184088
0.000214068
0.000213609
0.000185089
0.000408783
0.00030882
0.000352289
0.000384656
0.000347939
0.000368948
0.000475395
0.000463072
0.000406083
0.000382608
0.00051379
0.000233107
0.000166894
0.000412005
0.000996705
0.00042541
0.000329206
0.000457119
0.000272952
0.000602768
0.00053735
0.000667855
0.000506247
0.00064306
0.000982013
0.000712687
0.000440839
0.00050936
0.000967446
0.00134326
0.00123009
0.0029439
0.00187058
0.000694816
0.000953744
0.00138741
0.00243286
0.00325093
0.00227877
0.000729442
0.00192834
0.00100656
0.000706673
0.0026601
0.0017177
0.00242437
0.00186516
0.00100932
0.00124779
0.00172484
0.00204294
0.00258654
0.00269614
0.00358612
0.0022071
0.00311255
0.00188525
0.00244239
0.00439315
0.0018134
0.00726731
0.00467086
0.0078678
0.00346287
0.00690606
0.00300768
0.00456869
0.00180278
0.0138345
0.00222618
0.00286038
0.00484392
0.0133898
0.0149585
0.00223631
0.0066254
0.00777518
0.0105455
0.017154
0.0186153
0.00832933
0.0123446
0.0154115
0.0128013
0.0135586
0.00499775
0.00745294
0.00685044
0.0224731
0.0108456
0.0288202
0.0154224
0.0348928
0.00738099
0.0191412
0.0149981
0.0205852
0.042197
0.028333
0.00597835
0.0131405
0.0289243
0.0366137
0.0230989
0.0235026
0.0196983
0.00607395
0.0213584
0.0277866
0.0484062
0.0203292
0.0361251
0.034108
0.0568784
0.0172261
0.0242321
0.0733637
0.0420259
0.0281905
0.029903
0.0471231
0.0452207
0.0542083
0.0317912
0.0622176
0.0398333
0.0277442
0.0815705
0.235226
0.042014
0.0466565
0.0936038
0.131878
0.194828
0.181343
0.106102
0.104343
0.160442
0.0717504
0.17153
0.204424
0.0559075
0.123284
0.222581
0.233091
0.139437
0.21886
0.200131
0.156402
0.219186
0.647354
0.19618
0.30594
0.0881496
0.370206
0.260649
0.306127
0.200399
0.442882
0.394477
0.351328
0.24407
0.109804
0.830005
0.151168
0.102242
0.320144
0.263726
0.112416
0.469018
0.83289
0.309151
0.400485
1.02245
0.168856
0.248807
0.83822
0.221323
0.29195
0.637966
0.704549
0.39599
3.85797
0.361987
0.526659
0.625275
2.24179
1.51975
1.24626
0.85493
1.54957
0.307724
0.82472
0.735134
1.19553
0.583561
2.72292
0.476884
1.20334
1.65864
1.38315
1.51341
2.22148
2.30776
1.68375
2.68432
2.56256
3.59485
3.34976
0.747467
4.48271
2.6331
5.58462
