5.8654e-05
0.00011606
0.00010966
0.000105417
5.5162e-05
9.7065e-05
0.000114915
0.000329945
6.5838e-05
2.3267e-05
2.2383e-05
2.8873e-05
0.00017015
3.2163e-05
0.000166787
6.783e-05
5.6317e-05
6.1577e-05
8.2499e-05
3.4195e-05
9.7531e-05
5.7442e-05
9.2771e-05
4.8848e-05
0.000254675
0.000110953
0.000261985
0.000145979
8.2459e-05
7.1703e-05
0.00016229
6.4343e-05
0.00021825
4.7858e-05
0.000203328
0.000141478
0.000220446
0.00017939
0.000232117
0.000211833
0.00011508
0.000340271
0.000444921
0.000364922
0.000320345
0.000275655
0.000282314
0.000252829
0.000705168
0.000493114
0.000698134
0.00057638
0.000593886
0.0006311
0.000828371
0.000668269
0.000647506
0.000603307
0.000850948
0.000321918
0.00022181
0.000676665
0.00163898
0.000684714
0.00058476
0.000787987
0.00058815
0.00090512
0.000805417
0.000844635
0.000784668
0.00138364
0.00157434
0.00160651
0.000621369
0.00083011
0.00161375
0.00179957
0.00213183
0.00521876
0.00255233
0.00118347
0.00142746
0.00183975
0.00531385
0.00449871
0.0033892
0.00129869
0.00308646
0.0016009
0.000761531
0.00381446
0.00276627
0.00361927
0.00273536
0.00146488
0.00220963
0.0023023
0.00342372
0.00290712
0.00358776
0.00532555
0.00425023
0.00503837
0.00282359
0.00344814
0.00604346
0.00272781
0.0107438
0.00567004
0.0148027
0.00438823
0.0117205
0.00393626
0.00689901
0.00306896
0.0209377
0.00316573
0.00358385
0.00739916
0.0197367
0.0200018
0.00319841
0.0121967
0.0116353
0.013559
0.0299017
0.0265091
0.0118053
0.0230197
0.0226281
0.0175523
0.0224087
0.00780605
0.0117668
0.00981476
0.027303
0.016029
0.0458039
0.0240036
0.0531569
0.0107836
0.0418778
0.0249743
0.0271661
0.0692804
0.0462226
0.00781579
0.0171901
0.0445189
0.0682651
0.0310076
0.0335183
0.0252164
0.00859662
0.0322315
0.0337814
0.0631892
0.0370862
0.0478049
0.0463213
0.0914717
0.02226
0.0342118
0.102448
0.0899044
0.0448803
0.073073
0.0672845
0.0582763
0.0773747
0.0418209
0.0862696
0.0688628
0.0552694
0.0990104
0.357517
0.0586642
0.0667735
0.13875
0.24187
0.32833
0.289711
0.1472
0.202462
0.224951
0.103
0.26835
0.349355
0.076521
0.173634
0.339422
0.421737
0.165242
0.355592
0.356525
0.233577
0.388328
0.899224
0.287066
0.409737
0.14992
0.52412
0.41398
0.504646
0.335633
0.901704
0.523767
0.53155
0.340114
0.173889
1.41135
0.27378
0.142459
0.479546
0.497094
0.15507
0.679433
1.22966
0.407691
0.605239
1.2649
0.260794
0.296584
1.25672
0.362842
0.417615
0.971517
1.07788
0.581811
5.00597
0.509834
1.20742
1.04816
3.32594
2.06335
1.15686
1.35168
2.0253
0.47221
0.928812
1.17371
1.88498
0.736803
3.26984
0.657669
1.73374
2.29808
2.14907
1.89624
3.0314
3.70047
2.9477
3.96091
3.74145
4.66616
5.17225
0.940499
6.9708
3.62032
7.25505
