4.9249e-05
0.000117671
0.000110474
0.000104024
5.5112e-05
9.8081e-05
0.000110433
0.000230925
5.4503e-05
2.2326e-05
2.1867e-05
2.1178e-05
9.812e-05
2.5608e-05
9.8579e-05
5.0565e-05
3.8788e-05
5.5675e-05
6.0967e-05
3.0507e-05
7.4113e-05
5.6942e-05
7.155e-05
4.9607e-05
0.000185655
7.6631e-05
0.000186754
0.000124083
6.2071e-05
5.5792e-05
0.000124364
5.4291e-05
0.000206569
4.738e-05
0.000193996
0.000118406
0.000186329
0.000129379
0.000183146
0.000194173
8.705e-05
0.000265615
0.000355668
0.000349015
0.000244852
0.000261767
0.000265229
0.000233491
0.000574192
0.000421591
0.000457361
0.000497971
0.000551685
0.000532062
0.000760344
0.000581741
0.000668994
0.000528415
0.000651902
0.000314422
0.000272047
0.000528742
0.00123557
0.00054982
0.00050031
0.000695759
0.000489441
0.000782739
0.00065748
0.00092475
0.000724169
0.000967133
0.00143348
0.00132056
0.000585912
0.000823609
0.00133649
0.00156673
0.00207665
0.00367515
0.00245063
0.00083136
0.00136683
0.00180288
0.00379384
0.00403765
0.0027591
0.000917003
0.00251682
0.00135093
0.000725578
0.00404586
0.00195185
0.00315328
0.00241282
0.001462
0.00178027
0.00228152
0.00334284
0.0023791
0.0030566
0.00463465
0.0036713
0.00409312
0.00296024
0.00350155
0.00590101
0.00239933
0.0101511
0.00548119
0.0107027
0.00372158
0.00990842
0.0044432
0.0062347
0.00272063
0.020029
0.00292512
0.00340422
0.00821339
0.0183302
0.0181397
0.00288073
0.00971645
0.00950826
0.0125238
0.021442
0.0231705
0.0108706
0.0166232
0.0200496
0.0165039
0.0179943
0.00717202
0.0110911
0.00856568
0.025251
0.0135589
0.0371241
0.0185813
0.0442758
0.00937716
0.028644
0.0222697
0.0292661
0.0546291
0.0381601
0.00692887
0.0176051
0.0366517
0.0481878
0.0267192
0.034305
0.0227192
0.00798055
0.0244724
0.0320743
0.0634952
0.0273712
0.0428351
0.0480672
0.0785073
0.0227222
0.0390632
0.0952395
0.060242
0.0398251
0.0251808
0.0676973
0.0587412
0.069014
0.0396213
0.0682486
0.0396064
0.0378084
0.107634
0.31765
0.0521645
0.0567606
0.134067
0.179947
0.270942
0.249425
0.142294
0.14837
0.189245
0.0857942
0.233781
0.299194
0.0724182
0.166407
0.280807
0.277161
0.154483
0.295341
0.263006
0.229301
0.284531
0.761498
0.258067
0.391376
0.14115
0.460132
0.321355
0.405937
0.254437
0.63802
0.502006
0.450161
0.302107
0.164339
1.07313
0.190539
0.134319
0.385632
0.394576
0.144925
0.59451
1.14703
0.354274
0.539882
1.33292
0.303928
0.284146
1.10604
0.308467
0.425492
0.830789
0.91499
0.481766
4.83162
0.451503
0.878078
0.869073
2.90362
2.01702
1.14654
1.21557
2.08717
0.42219
1.07132
0.736061
1.53667
0.7555
2.72189
0.611049
1.56303
2.04678
2.0439
2.02077
3.15242
2.87107
2.21605
3.48295
3.3484
3.57918
4.5503
0.941646
5.88919
3.78656
6.70705
