0.000121389
0.00016871
0.000161614
0.000210086
0.000251055
0.000247414
0.000309911
0.000425184
0.000285852
0.000593981
0.00035078
0.000244648
0.000309404
0.000544139
0.000382483
0.000504803
0.000192643
0.00024075
0.000321364
0.000511175
0.000329281
0.000443735
0.000463799
0.000336898
0.00049047
0.000436933
0.000397016
0.000767359
0.00051876
0.000460907
0.000621584
0.000562259
0.0010239
0.000954882
0.00078277
0.00154422
0.00192668
0.00194864
0.000918407
0.00166968
0.00154629
0.00232377
0.00449403
0.00203109
0.00389017
0.00415647
0.00172767
0.00386703
0.00356183
0.00507373
0.00533677
0.00819613
0.0108362
0.00585253
0.00798426
0.00948781
0.00614516
0.00878179
0.0160914
0.00998124
0.0163166
0.0188676
0.0207233
0.0158767
0.0143534
0.02398
0.0318146
0.0260202
0.019431
0.0551049
0.0389507
0.0381218
0.0638943
0.0615336
0.0563091
0.016676
0.0283971
0.0304498
0.139708
0.147338
0.128385
0.14076
0.0916453
0.152855
0.147641
0.0901362
0.179426
0.133266
0.156713
0.147996
0.50407
0.157332
0.237213
0.402348
0.295847
0.456436
0.732541
0.591211
0.637275
0.468092
0.885567
0.754141
0.645693
0.713914
0.675684
1.34749
1.62596
1.5619
1.12269
1.36092
0.984496
2.08194
2.33932
2.95691
4.18025
4.18434
2.90756
5.38476
5.88034
3.99361
5.95629
5.98509
5.53285
11.948
7.10493
3.72505
10.7206
7.96312
13.0993
14.8109
10.5766
13.2449
