0.000134165
0.00022222
0.000186277
0.000539889
0.000435808
0.000415837
0.000485282
0.00112499
0.000800061
0.00116791
0.000445837
0.000389
0.000652373
0.00112148
0.000660996
0.00093339
0.000312958
0.000978441
0.000571256
0.000763997
0.000656571
0.000826056
0.000936546
0.000586157
0.000704923
0.000675119
0.000717215
0.00123537
0.000977194
0.000710641
0.00072675
0.000863098
0.00167148
0.00166206
0.00122059
0.00273219
0.00330107
0.00342632
0.00175214
0.00278066
0.00247557
0.00330672
0.00738911
0.00429182
0.00762576
0.0082613
0.00308569
0.00899154
0.00680969
0.00830403
0.0118593
0.0163548
0.0198903
0.00693614
0.00984526
0.0134356
0.00885091
0.0129876
0.023588
0.0147085
0.029597
0.0264814
0.0329705
0.0221832
0.0187407
0.0412866
0.0487766
0.0399897
0.0245387
0.0769883
0.0583551
0.0619034
0.103352
0.0931738
0.0944713
0.031889
0.0428111
0.0499784
0.207299
0.22107
0.195844
0.263688
0.121248
0.204855
0.212162
0.151283
0.239135
0.229638
0.250605
0.221667
0.698436
0.224398
0.356441
0.651415
0.340471
0.777
1.26084
0.917569
0.84525
0.812072
1.21747
1.15372
0.810378
0.885176
1.04698
2.35871
2.16515
2.66804
1.488
2.33774
1.38211
2.5495
3.17733
3.91696
6.14495
5.79797
4.18722
6.89242
7.82464
5.95091
8.86674
9.3004
7.58232
15.7224
11.2703
5.67165
14.3954
10.9788
19.4474
19.4482
15.9406
17.4385
