9.5559e-05
0.000151647
0.000170712
0.000220102
0.000215267
0.000477605
0.000395447
0.000426983
0.000350624
0.000430092
0.000224841
0.000223153
0.000340368
0.000409229
0.000337767
0.000461171
0.00021172
0.000351669
0.00029187
0.000485962
0.000313558
0.000453456
0.00043239
0.000310592
0.000480329
0.000301904
0.000399724
0.000877167
0.000631356
0.000527407
0.000586771
0.000621241
0.0011352
0.00110939
0.000841677
0.00183853
0.00227639
0.00249772
0.00111093
0.00212752
0.00212742
0.00236823
0.00533061
0.00339967
0.00674955
0.00580169
0.00243278
0.00540172
0.00468696
0.00712847
0.00694203
0.0151533
0.014498
0.00558019
0.00705626
0.0108199
0.0073005
0.0097267
0.0211585
0.0124229
0.0234297
0.0246857
0.0277255
0.0194885
0.0175964
0.0304322
0.0402222
0.0349512
0.0220286
0.0676847
0.0521383
0.0560497
0.0947004
0.0822764
0.0842543
0.0258178
0.0375518
0.0421908
0.183968
0.195695
0.164868
0.244201
0.105024
0.192445
0.189258
0.132603
0.215287
0.192414
0.233428
0.204112
0.643477
0.19189
0.336081
0.586616
0.317094
0.714013
1.17735
0.847332
0.776808
0.761936
1.13801
1.06941
0.784209
0.81441
0.955045
2.20684
1.95395
2.45065
1.3852
2.19474
1.29008
2.43269
3.00476
3.7654
5.95095
5.54961
3.95301
6.44013
7.2764
5.55023
8.37648
8.91961
7.08678
14.9728
10.3833
5.41606
13.6733
10.3357
18.8611
18.2068
15.0285
16.6203
