0.000114635
0.000170412
0.000155854
0.000209421
0.000244804
0.000236162
0.000302143
0.000460735
0.000393098
0.000706204
0.000323462
0.000288389
0.000359101
0.000674456
0.000473
0.000691343
0.000256621
0.000673443
0.000445256
0.000657892
0.000548214
0.000694542
0.000717243
0.000480511
0.000610053
0.00046387
0.000593885
0.00106405
0.000699929
0.000583133
0.000696774
0.000745423
0.00143766
0.00143421
0.00097781
0.00223393
0.0027325
0.00282915
0.00145477
0.00238887
0.0022547
0.00284342
0.00643667
0.00372215
0.00855737
0.00861429
0.00265737
0.00716756
0.00659822
0.00698253
0.00977112
0.0132641
0.0167922
0.00771696
0.00772132
0.0138659
0.00818254
0.0120203
0.0230002
0.0139362
0.0250986
0.0263305
0.0311211
0.0212679
0.0187321
0.0349964
0.0436059
0.0366894
0.0237467
0.0716078
0.0558054
0.057837
0.0995561
0.0866031
0.0897101
0.0272609
0.0399714
0.0442743
0.20225
0.208972
0.178755
0.256593
0.116275
0.208225
0.198361
0.147033
0.229135
0.210128
0.24214
0.214797
0.674044
0.207606
0.352894
0.620454
0.333244
0.741876
1.18683
0.861704
0.820547
0.792527
1.20236
1.11043
0.790351
0.860538
0.972945
2.29831
2.07281
2.54133
1.45585
2.24937
1.34358
2.52549
3.1654
3.99258
6.06352
5.69064
4.10124
6.84664
7.69111
5.88288
8.65012
9.10864
7.50517
15.6316
10.9144
5.49646
14.1555
10.7516
19.022
19.0298
15.6029
17.2637
