8.3741e-05
0.000144187
8.3819e-05
0.000238007
0.000210031
0.000299848
0.000304402
0.000419541
0.00034395
0.000322848
0.000214902
0.000191527
0.000201228
0.000411369
0.00031868
0.000376229
0.000167751
0.000366795
0.000270021
0.00047896
0.000304458
0.000392832
0.00043607
0.000288816
0.00047197
0.000284168
0.000376759
0.00072487
0.000484152
0.000468397
0.000621953
0.000550775
0.00100979
0.000917521
0.000766023
0.00154812
0.0019167
0.00192243
0.000954294
0.00164808
0.00154229
0.00214381
0.00440317
0.00213288
0.00431242
0.00421976
0.00156354
0.00400267
0.00409079
0.00670808
0.0058508
0.0106245
0.0122272
0.00594254
0.00618312
0.01005
0.00744039
0.00782409
0.0187586
0.00973246
0.0211006
0.0223679
0.0274985
0.016799
0.0161455
0.0272156
0.0366866
0.0287308
0.0202525
0.0597317
0.0461116
0.0476835
0.0858462
0.0739522
0.0718439
0.0235061
0.033679
0.0364993
0.168813
0.172374
0.15216
0.220536
0.0965063
0.176881
0.17872
0.115732
0.198476
0.158999
0.202243
0.186349
0.582983
0.184237
0.313659
0.543714
0.296712
0.642081
1.09018
0.737006
0.706066
0.687254
1.00968
0.948114
0.696033
0.742405
0.859973
1.92058
1.80529
2.288
1.29676
2.10178
1.26499
2.23398
2.73273
3.50633
5.63944
5.02801
3.68092
6.11141
6.65171
5.30298
7.74026
8.13188
6.73204
14.0795
9.65824
5.08696
12.7036
9.71198
17.4958
17.0036
13.8044
15.6061
