0.00019232
0.000127408
0.000137241
6.8553e-05
8.5016e-05
0.000108503
0.000259653
3.586e-05
4.6731e-05
3.2005e-05
2.4458e-05
4.5298e-05
0.000103188
4.0116e-05
6.0445e-05
4.8434e-05
6.5627e-05
4.3106e-05
0.000118394
9.2774e-05
6.8241e-05
7.5912e-05
4.9e-05
3.5908e-05
5.9476e-05
8.6699e-05
0.000126141
4.9293e-05
0.000100424
6.5609e-05
5.6319e-05
0.000216673
0.000200082
0.000141316
5.4284e-05
6.1192e-05
0.000141542
4.3559e-05
0.000126752
0.000136889
0.000123359
0.000109567
0.00013856
0.000162157
0.000242271
0.000152246
0.000158277
0.000121205
0.000602818
0.000195226
0.000357622
0.000218996
0.000396248
0.00037724
0.000660607
0.000393943
0.000191224
0.000289899
0.000526497
0.000340447
0.000571004
0.000645499
0.000237603
0.000450501
0.000233289
0.000640797
0.0010995
0.000602798
0.000671041
0.000583569
0.000281668
0.00045646
0.000775591
0.00049674
0.000819583
0.00119503
0.00052544
0.00081513
0.00147805
0.00121305
0.00142515
0.00127322
0.0012462
0.00134669
0.00247666
0.00177429
0.0022342
0.00065931
0.000672369
0.00060871
0.00204803
0.00204067
0.00164475
0.00080428
0.00160474
0.00172325
0.00640328
0.00351007
0.00352071
0.00153821
0.00164689
0.00435105
0.00182916
0.0042915
0.00441224
0.00545363
0.00420482
0.00332028
0.00617404
0.00256157
0.00365906
0.0029519
0.0026448
0.0061441
0.0104913
0.00159982
0.00433837
0.00573253
0.00210125
0.00605608
0.00457699
0.00470743
0.00662134
0.011573
0.0109841
0.0108139
0.0158051
0.0129655
0.0075583
0.00727554
0.00993904
0.00200409
0.00587013
0.00636579
0.0270985
0.00395592
0.00481466
0.00536466
0.0542602
0.0117175
0.00649017
0.0172294
0.0136842
0.0236192
0.0220339
0.0216183
0.0260778
0.0190165
0.0215522
0.0236306
0.0552153
0.0476848
0.0196704
0.00645757
0.0303409
0.0110413
0.0513628
0.0522815
0.0925566
0.00628073
0.0456433
0.0331338
0.119133
0.105724
0.0345867
0.068627
0.0679303
0.016828
0.0648507
0.0204392
0.0942419
0.109927
0.0221495
0.0372223
0.105129
0.029448
0.0641148
0.132029
0.107565
0.0754887
0.0865368
0.0581005
0.170428
0.185054
0.0892146
0.155751
0.349843
0.104936
0.426479
0.232753
0.0769831
0.20457
0.264835
0.278367
0.0737082
0.317128
0.150169
0.151653
0.27491
1.03835
0.286752
0.366472
0.067243
0.161153
0.163606
0.746586
0.216761
0.137351
0.157654
0.170894
0.125425
0.418652
0.503057
0.395597
0.198997
0.713366
0.579418
1.68767
0.135381
0.195722
0.742657
0.662586
1.54669
0.738662
0.195948
0.707179
1.91776
0.644673
1.86283
0.183753
0.851688
0.405284
0.547718
0.616688
0.65434
0.848907
0.868162
2.62184
1.72319
1.09553
2.77277
1.37756
1.74116
0.329268
2.9711
2.13516
0.973615
6.16997
1.14533
2.28903
0.358056
2.19999
2.06499
0.644336
2.33852
2.33642
2.6529
2.42154
1.56728
2.14138
1.59605
