0.000136961
0.000123476
0.000109391
6.0509e-05
9.6091e-05
0.00010775
0.000360607
6.547e-05
7.0771e-05
5.2481e-05
2.4843e-05
7.4604e-05
0.000174675
4.326e-05
9.5353e-05
4.6168e-05
0.000103742
5.5512e-05
0.000171744
0.00018306
0.000124104
0.000194752
6.1097e-05
6.5573e-05
9.4092e-05
0.000173395
0.000243473
8.114e-05
0.000120048
0.000140178
0.000115251
0.000487005
0.000374763
0.000223454
9.9365e-05
7.2337e-05
0.000193245
5.1613e-05
0.000255514
0.000186333
0.000224742
0.000185739
0.000170592
0.000217953
0.000328389
0.000223971
0.000288765
0.000362226
0.00090137
0.000477054
0.00111688
0.000366748
0.000462685
0.000845562
0.00160224
0.000377406
0.000420524
0.000675866
0.000813252
0.00139042
0.001141
0.00192045
0.000436684
0.00160429
0.000376928
0.00147694
0.00135636
0.00105211
0.00197329
0.00121265
0.000877502
0.000802034
0.00124551
0.001119
0.000945736
0.00202472
0.000644465
0.00122095
0.0015865
0.00187007
0.00256929
0.00208428
0.0018231
0.00222245
0.00472705
0.00232269
0.00354406
0.00109789
0.00135503
0.00100551
0.00327265
0.00327472
0.00247012
0.00161549
0.00246876
0.00315724
0.0109451
0.00757831
0.00593185
0.00201865
0.0031502
0.00621266
0.00313111
0.00662618
0.007554
0.00864017
0.00674015
0.00738035
0.00899814
0.00404812
0.00482601
0.00470597
0.00275351
0.0124243
0.0188168
0.00246948
0.00660476
0.00927182
0.00233061
0.0117845
0.00738588
0.0042698
0.0100162
0.0202855
0.0172261
0.0147645
0.0219998
0.0158798
0.0106763
0.0104707
0.0159367
0.00365352
0.00805615
0.00897723
0.0325356
0.00680759
0.00611439
0.00768247
0.0838994
0.0154862
0.00860745
0.0179198
0.0195364
0.0345629
0.0366044
0.0308979
0.0368079
0.028155
0.024866
0.0341545
0.0731281
0.0651321
0.0269355
0.0125747
0.0414179
0.0202526
0.0664487
0.0621153
0.127219
0.00866293
0.0814902
0.0413254
0.153662
0.138828
0.0515082
0.102447
0.129249
0.0225288
0.10561
0.0256283
0.131246
0.15015
0.0356505
0.0677451
0.200268
0.0367428
0.100571
0.185196
0.160283
0.0976907
0.152539
0.0873751
0.235555
0.253938
0.118891
0.279701
0.422851
0.132942
0.622562
0.326673
0.103119
0.269308
0.362538
0.434499
0.149101
0.445431
0.240778
0.204645
0.41742
1.44659
0.434348
0.507398
0.0922856
0.186327
0.232118
0.998543
0.30635
0.232489
0.310444
0.220557
0.167568
0.644696
0.771859
0.373458
0.320296
1.04422
0.744613
2.17824
0.236495
0.318416
1.07245
0.94482
2.40489
1.06422
0.309296
1.07256
2.80935
0.984713
2.83373
0.244268
1.30706
0.577337
0.893355
0.997058
0.883816
1.26452
1.15696
3.28134
2.8552
1.46421
3.44591
2.22837
2.41018
0.503645
4.28122
3.3362
1.47241
8.52432
1.69184
4.33624
0.407289
3.11992
3.16394
1.0431
3.15069
3.81841
3.64341
3.90443
1.97489
2.86424
2.7993
