0.00011492
1.025e-05
2.4133e-05
1.1698e-05
2.0773e-05
1.927e-05
2.275e-05
2.1793e-05
1.5692e-05
2.4756e-05
2.1661e-05
2.6949e-05
3.0248e-05
3.6049e-05
4.0817e-05
5.7941e-05
4.5616e-05
6.5305e-05
0.000103888
0.000111027
7.2319e-05
7.4281e-05
5.4478e-05
4.5978e-05
9.1267e-05
3.0622e-05
6.2685e-05
9.7449e-05
8.5288e-05
9.7782e-05
0.000218978
0.000215478
0.0001421
0.000128147
7.7487e-05
0.000108378
0.000169466
0.000135086
0.000171353
0.000197626
0.000115127
0.000154703
0.000426016
0.000323349
0.000219519
0.000283836
0.000321888
0.000265791
0.000233913
0.000143339
0.000120444
0.000228156
0.000353922
0.00024112
0.000266951
0.000189795
0.000345686
9.2296e-05
0.000217241
0.000430636
0.000867706
0.000508294
0.000661014
0.000467716
0.00055589
0.000500463
0.00103653
0.000704326
0.000890668
0.000483706
0.00086892
0.000688658
0.000513398
0.00109741
0.000802594
0.00121691
0.000777893
0.00125903
0.00153468
0.00139176
0.00115666
0.000975268
0.000251605
0.000659994
0.00162861
0.000507478
0.000595164
0.000600429
0.00241578
0.00153711
0.00236217
0.000513368
0.00305919
0.00212776
0.00104114
0.00240282
0.00528685
0.00363197
0.00254159
0.00285695
0.0029533
0.00294051
0.00360094
0.00430507
0.00298635
0.00178652
0.00285198
0.00336523
0.00508323
0.00675739
0.00915174
0.00786842
0.00198647
0.00161323
0.00818805
0.0147309
0.00535163
0.00527016
0.00639664
0.00506546
0.00536942
0.00503762
0.00608428
0.00646973
0.00503442
0.010352
0.0076323
0.0113299
0.00378059
0.00300128
0.012042
0.00462437
0.0202981
0.0170065
0.0144257
0.0129134
0.0111806
0.00562322
0.00908925
0.0187092
0.00537892
0.0155578
0.0379291
0.00895258
0.0155545
0.06806
0.0286149
0.0279821
0.0188181
0.0236078
0.0351698
0.0110898
0.00826261
0.0226563
0.0227356
0.0241844
0.130418
0.0164206
0.0201083
0.0185215
0.0254599
0.0242022
0.0336077
0.0717422
0.153801
0.00931712
0.0615046
0.0474599
0.0609964
0.0868308
0.0674117
0.0177129
0.0512053
0.0344616
0.279542
0.0691245
0.0644741
0.168372
0.0942098
0.0885679
0.0959485
0.0572717
0.140367
0.106103
0.18721
0.0621266
0.0706985
0.197929
0.273742
0.136168
0.0535593
0.105654
0.174837
0.1983
0.0449675
0.0646463
0.127193
0.100886
0.190298
0.197454
0.094896
0.181702
0.476399
0.288351
0.118138
0.118765
0.148666
0.174421
0.345532
0.376868
0.629291
0.416432
0.929214
0.318337
1.01374
0.36112
0.862094
1.19234
0.441569
0.492777
0.170639
0.405056
0.346407
0.522152
0.974714
0.742956
0.253445
0.279717
1.55473
0.875041
0.839856
0.298157
0.473666
0.211885
0.584722
2.1293
1.41198
0.786021
2.57646
0.919206
2.03593
2.96566
2.77222
1.09598
2.22628
0.491149
2.91604
4.03468
1.19061
2.52614
1.79493
1.84628
0.869045
3.12025
1.68162
2.21791
1.27165
0.883952
1.56536
4.27139
2.57051
