0.000134381
2.9755e-05
2.3362e-05
2.206e-05
2.0431e-05
2.062e-05
2.077e-05
2.4799e-05
2.3816e-05
6.8516e-05
5.608e-05
5.2939e-05
7.7714e-05
5.8231e-05
7.8549e-05
3.7802e-05
4.1523e-05
9.2979e-05
0.000218774
0.000100574
5.3611e-05
6.0095e-05
6.9413e-05
8.715e-05
0.000293464
0.000210047
0.000305586
0.000208821
0.000265371
8.9459e-05
0.000148712
9.7229e-05
0.000117333
0.000282915
0.000457904
0.000140658
0.000321149
0.000304923
0.000164323
0.000274612
0.000232564
0.000119413
0.000317154
0.000453883
0.00021575
0.000256429
0.000199124
0.000447908
0.000547095
0.000595211
0.000465527
0.000421889
0.000463938
0.000286491
0.000469079
0.00150641
0.000562431
0.000352787
0.000267587
0.000858246
0.000415031
0.000587072
0.000402858
0.000657378
0.000735132
0.000510396
0.00169069
0.00175239
0.00105064
0.000609612
0.000347086
0.000586612
0.00100257
0.00163815
0.00134643
0.00102316
0.00133349
0.00102302
0.00225428
0.00106231
0.00232919
0.00213333
0.00211667
0.00216476
0.00154718
0.00174728
0.00568577
0.00195185
0.00132911
0.00300889
0.0014958
0.00230741
0.00212681
0.00234126
0.00146085
0.0039588
0.00663017
0.00330013
0.00475058
0.00549428
0.00249527
0.00444805
0.00490606
0.0019864
0.00523379
0.00193754
0.00275806
0.0099688
0.00226665
0.00579814
0.00487249
0.00334524
0.00585516
0.00445586
0.0135624
0.0161134
0.00661478
0.00583621
0.00780069
0.00404555
0.014302
0.0269104
0.0262955
0.00478588
0.00428899
0.0134584
0.0110237
0.0197138
0.0210116
0.0124205
0.0096089
0.00932966
0.0182472
0.00856125
0.0262364
0.00620393
0.0179199
0.0171603
0.0249469
0.0153006
0.0304019
0.0221163
0.0161012
0.00867494
0.0249406
0.0353048
0.0182106
0.0247877
0.0424719
0.0239181
0.0271237
0.0330083
0.0994252
0.0305105
0.0445576
0.0424335
0.138795
0.0460714
0.0383486
0.0573983
0.0706269
0.0249348
0.0574103
0.130698
0.112893
0.0583086
0.0164741
0.0634452
0.277169
0.145555
0.195736
0.0293214
0.116008
0.145855
0.279653
0.0485233
0.0931918
0.0532818
0.0628602
0.118723
0.0908394
0.229822
0.140514
0.277132
0.106063
0.0626876
0.0577795
0.0930415
0.402928
0.0896781
0.287916
0.181962
0.549813
0.0765917
0.14741
0.130197
0.195367
0.0890347
0.459236
0.250377
0.150427
0.353139
0.560197
0.104029
0.266217
0.186407
0.286266
0.699852
0.197423
0.331
0.574275
0.7171
0.1823
0.339567
0.581234
0.378201
1.55525
0.960643
0.214012
1.35571
0.800744
0.749254
1.21003
1.52394
2.66867
1.42289
0.633166
0.698123
0.317178
0.59316
2.37609
0.683228
0.909404
0.650266
2.44129
3.15161
4.26614
0.630463
0.859285
1.86748
2.55482
0.419082
2.01547
1.95578
1.36307
3.39492
4.12334
0.74657
1.47902
2.64446
5.30137
1.0903
7.90695
1.59802
2.14018
1.93741
5.31941
2.34451
8.64283
2.42488
5.68127
