0.000135337
0.000140084
0.00012029
0.000374944
0.000365755
0.000314481
0.000593388
0.000578794
0.000111909
0.000138184
0.00010356
0.000257226
0.000173857
0.000215465
0.000305748
0.000368826
0.000255086
0.000305625
0.0002833
0.000408558
0.000506037
0.000608342
0.000568411
0.000419196
0.00105332
0.000809289
0.000385844
0.000551229
0.00103701
0.000631224
0.00127106
0.00174359
0.000752788
0.00258563
0.0015615
0.00114749
0.0020532
0.00242511
0.00112153
0.00388
0.00189298
0.00610444
0.00401524
0.00485674
0.00711059
0.00682662
0.004097
0.00552638
0.00848724
0.00627003
0.00875397
0.00564248
0.0131983
0.0119126
0.0140148
0.0121271
0.00897759
0.0246492
0.0166286
0.0135518
0.0227504
0.0238602
0.0257444
0.0256329
0.0372868
0.0221626
0.0558763
0.0464578
0.0621182
0.0658988
0.0602161
0.0758145
0.112308
0.093834
0.0832027
0.0510807
0.0639426
0.111962
0.205034
0.102801
0.0803652
0.117088
0.137901
0.132325
0.358088
0.352177
0.262696
0.403476
0.56671
0.190624
0.441372
0.375007
0.458816
0.657353
0.600918
0.808757
1.18184
0.951336
0.472518
1.37489
1.45388
1.20767
2.20686
1.19287
1.19365
2.14232
2.23605
1.26961
2.60751
2.15485
1.77463
3.86227
2.62997
2.21656
5.17181
6.55828
3.51075
7.35662
3.68533
5.925
5.79966
8.11124
7.76661
6.71526
9.33521
13.2572
21.9503
21.2954
9.1982
17.8046
26.0863
18.0051
