0.000129803
6.3023e-05
0.000107486
0.00017131
8.9724e-05
8.4149e-05
0.000127415
0.000190817
0.000103597
0.000153273
0.00012089
0.000167332
0.000384924
0.000245401
0.000149308
0.000329721
0.000207879
0.000149632
0.000278752
0.00055738
0.000152982
0.000378694
0.00016336
0.000552129
0.000533648
0.000387552
0.000379073
0.000244351
0.000130541
0.000410507
0.000280884
0.000141767
0.000188157
0.000151556
0.000336562
0.000159465
0.000275109
0.000218169
0.000276025
0.000250609
0.000202645
0.000148444
0.000259219
0.000132721
0.000133511
0.000294889
0.000198836
0.000220532
0.000301844
0.000415837
0.000547362
0.000263589
0.000311061
0.000180357
0.000594206
0.000759696
0.000766693
0.000212326
0.000158082
0.000433246
0.000539872
0.000536548
0.000421528
0.000447868
0.00012702
0.00053835
0.000687126
0.000295204
0.000803009
0.00122105
0.00098911
0.000748962
0.00162171
0.00071034
0.000330902
0.000985625
0.000527868
0.000573816
0.00262155
0.00108593
0.00144874
0.00124774
0.000607108
0.000830937
0.000370853
0.00299865
0.00109638
0.000484842
0.00225772
0.00204999
0.00140321
0.00141134
0.00227987
0.00105835
0.000958644
0.00205099
0.00475748
0.00147277
0.00454896
0.00228865
0.00298741
0.00230985
0.00297523
0.00440858
0.00342379
0.0037769
0.00295707
0.00421215
0.00336887
0.00118065
0.00617478
0.00632594
0.00288091
0.0042539
0.00193335
0.00306716
0.00454185
0.00616006
0.00475214
0.00529286
0.00351215
0.0104952
0.0043145
0.00306061
0.00645991
0.00561049
0.0183484
0.0247041
0.0161883
0.0084852
0.00442169
0.00701784
0.010703
0.0150992
0.00441537
0.0101984
0.014446
0.0101061
0.0344
0.0139573
0.012221
0.0129174
0.00875357
0.0152546
0.0685149
0.0165823
0.0254957
0.0125427
0.0193163
0.0181526
0.0169481
0.0508851
0.062488
0.0365878
0.0243812
0.0128388
0.0170467
0.0313022
0.0357
0.0228972
0.0327698
0.0171216
0.0741648
0.0318204
0.0188158
0.05492
0.0332393
0.0744374
0.0550727
0.106392
0.0825177
0.0135925
0.0283546
0.0707566
0.0722142
0.0707971
0.0523774
0.106904
0.0530446
0.0407274
0.332222
0.0876881
0.130832
0.077914
0.0537586
0.122101
0.0837299
0.0870784
0.0861295
0.17652
0.126107
0.119811
0.0641503
0.11021
0.128047
0.174258
0.116248
0.21806
0.63318
0.482589
0.587315
0.226977
0.122822
0.197524
0.801154
0.556098
0.419691
0.0896707
0.228321
0.270495
0.114189
0.810046
0.260384
0.318084
0.383801
0.328493
0.929118
0.196118
2.73698
0.87981
0.731876
0.273123
0.450085
0.986373
2.28483
0.395025
1.02187
0.452393
0.44449
2.58867
0.210387
0.401773
0.435596
2.43329
3.00176
1.81729
4.31312
0.485885
0.233235
1.07534
2.97548
1.25189
1.62062
0.919069
0.210131
1.61825
1.51507
1.50791
0.730579
1.47414
1.98617
0.694734
2.64352
4.90905
4.65632
1.52828
1.48303
5.05214
5.54677
4.69835
2.72879
