0.000135072
4.6313e-05
0.000114908
0.000133315
0.0001023
9.9552e-05
0.000121704
0.000527285
0.000115514
0.000249313
0.000138939
0.000203878
0.00107497
0.000656525
0.000163895
0.000849179
0.00025375
0.000203459
0.000345145
0.000642226
0.000179034
0.000502165
0.000354031
0.00116485
0.000859314
0.000690386
0.000578018
0.000421189
0.0001534
0.000566535
0.00040714
0.000167776
0.000394023
0.000301283
0.000287885
0.000369104
0.000229115
0.000288553
0.000531766
0.000459828
0.000328646
0.000204144
0.000383121
0.000341608
0.000201625
0.000567896
0.000218674
0.000374759
0.000522941
0.00079867
0.000998353
0.0004281
0.000519179
0.000225496
0.00128324
0.000595967
0.00145676
0.000455351
0.000276126
0.000689624
0.000725692
0.000641069
0.000570086
0.000651452
0.000209305
0.000923202
0.000834573
0.000355475
0.00143994
0.00213134
0.00145829
0.00126772
0.00167146
0.00112133
0.000403176
0.00187551
0.000683894
0.000774314
0.00410846
0.00169959
0.00194943
0.00181482
0.000797895
0.00149366
0.000363807
0.00533674
0.00241929
0.000743742
0.00336139
0.00275442
0.00250999
0.00243117
0.00393885
0.000940666
0.00104446
0.00366761
0.00770312
0.001919
0.00940205
0.0049979
0.0039351
0.00352048
0.00468351
0.0055188
0.00517184
0.00574335
0.00363791
0.00612941
0.00377246
0.00153251
0.00907432
0.0107636
0.00375345
0.00926345
0.00408078
0.00496134
0.00884185
0.0113075
0.00658312
0.011013
0.00465659
0.0168457
0.00526383
0.00485091
0.0111902
0.00922947
0.0310825
0.0514281
0.0246707
0.0119062
0.00839855
0.0114122
0.0131887
0.0248483
0.00923427
0.0148098
0.0269144
0.0159581
0.0499339
0.0224025
0.0263165
0.0262279
0.00956668
0.028477
0.0912958
0.0216491
0.0285472
0.022839
0.0264713
0.0306641
0.0253978
0.103814
0.0849007
0.0453421
0.0310475
0.0237527
0.0218324
0.0635452
0.0642022
0.0329231
0.0428146
0.0270242
0.0914532
0.046697
0.0257288
0.0744746
0.0585279
0.104224
0.0890501
0.175573
0.12726
0.0228424
0.0356538
0.162612
0.109188
0.0958378
0.0737388
0.152095
0.0660691
0.0585237
0.46357
0.173544
0.236045
0.115352
0.0720331
0.162002
0.138703
0.135149
0.190649
0.328954
0.167121
0.177534
0.0864976
0.148615
0.177242
0.283036
0.152056
0.294211
0.91831
0.762627
0.804231
0.296944
0.172827
0.358452
1.08135
0.943365
0.585031
0.119853
0.378764
0.361608
0.179526
1.19082
0.315406
0.471898
0.513676
0.468921
1.28206
0.247396
3.67734
1.26471
1.15474
0.410815
0.671138
1.31789
3.00472
0.550758
1.41989
0.57851
0.559472
3.2176
0.322965
0.672671
0.721276
3.36088
3.00059
3.01142
5.93953
0.674621
0.261252
1.55059
5.24208
1.97097
2.49701
1.27915
0.224804
2.04951
2.10697
1.96584
1.00512
1.96868
3.08536
1.03209
3.69206
7.42326
7.08975
2.1998
2.11003
7.20255
6.87047
6.47519
3.72607
