9.0266e-05
3.1058e-05
8.0943e-05
7.3463e-05
7.0699e-05
7.0086e-05
0.000134437
0.000159248
0.000148937
0.000100283
9.8168e-05
0.000102743
0.000365614
0.000149386
0.000116071
0.000284104
0.000149089
0.000148438
0.000256337
0.000377682
0.000125123
0.00034831
0.000142258
0.00035373
0.000429139
0.000360814
0.000288295
0.000215779
0.000107995
0.000329511
0.000265968
0.000121299
0.000171628
0.000112935
0.00031182
0.000139144
0.000168015
0.000195199
0.0002576
0.000227752
0.000188638
0.000123833
0.000241855
0.000132444
0.000115815
0.000274262
0.00017544
0.000181799
0.000286552
0.000401736
0.000525471
0.000234535
0.000318113
0.000163377
0.000576442
0.000336246
0.00103945
0.000296172
0.000145671
0.000419881
0.000525464
0.00052544
0.000408378
0.000437165
0.000121626
0.000449727
0.000675161
0.000278226
0.000849123
0.00119988
0.000980096
0.0013231
0.00155056
0.000676577
0.000331552
0.000838987
0.000510782
0.000542941
0.00382862
0.0014003
0.00137369
0.00122567
0.000583897
0.000806204
0.000261048
0.00300803
0.00129723
0.000473526
0.00239736
0.00203881
0.00182183
0.00154834
0.00253466
0.000734271
0.0012154
0.00276034
0.00495606
0.00137726
0.00584113
0.00296865
0.00318123
0.00251342
0.00245504
0.00418541
0.00342878
0.00631572
0.00231661
0.004824
0.00263067
0.00109407
0.00626657
0.00667994
0.00269565
0.00431056
0.00229303
0.00411028
0.00618931
0.00921162
0.00502421
0.00668093
0.00367273
0.0137632
0.0042827
0.00386891
0.00832693
0.00719535
0.022846
0.0336333
0.0182632
0.00981216
0.00599295
0.00727902
0.0094254
0.0172739
0.00736605
0.0106342
0.0141556
0.0118676
0.0393187
0.0170478
0.0199063
0.0208125
0.00778335
0.0183802
0.0717862
0.0179619
0.0217752
0.0192038
0.022983
0.023188
0.0190061
0.0737495
0.0691354
0.0387206
0.0277039
0.019797
0.0183863
0.0505457
0.0536414
0.027492
0.040674
0.0206707
0.0715764
0.0364543
0.0218788
0.0651995
0.039624
0.0742856
0.069289
0.142999
0.103764
0.0187778
0.0365405
0.100121
0.0856151
0.0838526
0.0614588
0.123575
0.0533486
0.0504911
0.399946
0.125639
0.188457
0.0960682
0.0618242
0.127836
0.116834
0.102442
0.150688
0.256913
0.148828
0.13617
0.0756535
0.126255
0.150978
0.236024
0.130688
0.26125
0.780529
0.668187
0.688463
0.25135
0.151845
0.292207
0.93196
0.818556
0.488226
0.103506
0.313574
0.299903
0.141157
1.02163
0.278268
0.398704
0.44062
0.425251
1.15658
0.236072
3.11124
1.07462
1.02441
0.34488
0.568017
1.19465
2.6759
0.48627
1.19077
0.501596
0.50865
2.87336
0.280149
0.587916
0.625075
2.88141
2.54812
2.51801
5.06952
0.543611
0.226494
1.36541
4.29875
1.71635
2.02113
1.07747
0.208342
1.80376
1.74853
1.61636
0.897293
1.69157
2.80059
0.874674
3.33764
6.52734
6.22153
2.04547
1.85544
5.9846
6.22127
5.30932
3.15382
