0.000183119
3.4977e-05
8.5702e-05
8.1798e-05
7.4277e-05
7.169e-05
9.0953e-05
0.000170206
0.000171194
0.000106261
0.000103033
0.000110419
0.000354728
0.000159129
0.000124861
0.000277264
0.000161601
0.000134213
0.000236337
0.00033245
0.000135993
0.000389494
0.000151565
0.000402084
0.000494215
0.000389571
0.000496413
0.000223245
0.000113789
0.000416054
0.000348729
0.000133609
0.000179079
0.000119041
0.000268972
0.000146007
0.000173239
0.000208705
0.000258225
0.000234487
0.000234292
0.000117467
0.000248156
0.000126263
0.000120191
0.000279985
0.00017996
0.000217134
0.000297
0.000407269
0.000559642
0.000247859
0.000283468
0.000181363
0.000666706
0.000413434
0.00106983
0.000253457
0.000168692
0.000519567
0.000547895
0.000549848
0.000381452
0.00049292
0.000139361
0.00064572
0.000740322
0.000273875
0.000775355
0.00125775
0.000966729
0.000832617
0.00132958
0.000660516
0.000319913
0.00137032
0.000493631
0.0006311
0.00320449
0.00132471
0.00156636
0.00139592
0.00057379
0.00103534
0.000288887
0.00427308
0.00148789
0.000579409
0.00278694
0.00213303
0.00210441
0.00178359
0.00296301
0.000775399
0.000863632
0.00301147
0.00575364
0.00151461
0.00721224
0.00367387
0.00340327
0.00303726
0.00321268
0.00460186
0.00443001
0.00437797
0.00290229
0.0051891
0.00301047
0.00118085
0.00789286
0.00773322
0.00335662
0.00660897
0.00319145
0.00455224
0.00729536
0.0139981
0.00603735
0.0088096
0.0041565
0.0149652
0.00473422
0.00427363
0.00965116
0.00798119
0.0256441
0.0395846
0.0217588
0.0109696
0.0067537
0.0101065
0.0102127
0.0201208
0.00826713
0.012737
0.0218268
0.013097
0.0442179
0.0186037
0.0221736
0.0227344
0.00838075
0.0221049
0.079133
0.0189594
0.0244494
0.0202669
0.0238853
0.0254417
0.020235
0.0840694
0.0799742
0.0421105
0.0264396
0.0212861
0.0199126
0.0553773
0.0562381
0.0279694
0.0398654
0.0221596
0.0833134
0.0412309
0.0237877
0.0660113
0.0467967
0.0877921
0.0773703
0.155046
0.118764
0.0203438
0.0330522
0.117728
0.0921105
0.0904873
0.0635587
0.141921
0.0579177
0.0529623
0.433128
0.138934
0.207381
0.104069
0.0661956
0.141344
0.126377
0.117687
0.17158
0.288954
0.157163
0.147702
0.0792096
0.13727
0.163846
0.25244
0.136383
0.277998
0.838781
0.719539
0.761246
0.265641
0.160432
0.315462
0.993836
0.907144
0.534294
0.11066
0.338494
0.334466
0.15953
1.09287
0.294877
0.432414
0.472608
0.465608
1.19612
0.230132
3.42435
1.18482
1.06214
0.370651
0.589829
1.30101
2.88175
0.512549
1.28139
0.542781
0.508482
3.20172
0.288317
0.657225
0.627006
3.10037
2.65907
2.72245
5.42115
0.631992
0.237542
1.44111
4.79674
1.83611
2.21537
1.16111
0.214047
1.93051
1.8484
1.74793
0.949819
1.85428
2.94794
0.958927
3.32111
6.9026
6.72376
2.05051
1.98093
6.3771
6.49269
5.96436
3.39751
