0.000115013
4.4907e-05
0.000103681
9.7793e-05
8.5711e-05
8.0636e-05
9.8469e-05
0.000193247
0.000174404
0.000121739
0.000113328
0.00012322
0.000427124
0.000183131
0.000138819
0.000316494
0.000176343
0.000143365
0.000269032
0.000493955
0.000179282
0.000422991
0.00027184
0.00115104
0.000716367
0.000504909
0.000628888
0.000307323
0.000146768
0.000475849
0.000352206
0.000159017
0.000275878
0.000194577
0.000263129
0.000218629
0.000220765
0.00026016
0.000436041
0.000324054
0.000226455
0.000155345
0.000340414
0.00038343
0.000165879
0.000443996
0.000194733
0.000312032
0.000454758
0.000644609
0.000769435
0.000370089
0.000445829
0.000205183
0.00103321
0.000491164
0.001509
0.000349926
0.000225816
0.000629844
0.000707217
0.000533361
0.000496321
0.000588782
0.000173716
0.0007745
0.000794841
0.000325945
0.00169893
0.00166906
0.0012188
0.00102135
0.00168617
0.000867553
0.000365389
0.00172539
0.000599899
0.000711034
0.00366891
0.00145284
0.00177222
0.00179268
0.0006811
0.00122704
0.000330979
0.00455284
0.0017472
0.000691486
0.0031802
0.00253458
0.0023412
0.00215376
0.00322535
0.00088803
0.000940138
0.00383328
0.00663916
0.00170577
0.00824409
0.00448875
0.0037715
0.00322635
0.00365106
0.00520514
0.00489886
0.00502297
0.00310452
0.00587367
0.00340843
0.00131836
0.0083195
0.00928843
0.0035042
0.00791686
0.00364102
0.00469538
0.0076919
0.0103725
0.00612307
0.0103213
0.00440697
0.0163006
0.0047654
0.00451647
0.0106558
0.00920422
0.0283831
0.0450156
0.0230284
0.0117161
0.00756831
0.0107992
0.0122691
0.022323
0.00882984
0.0140852
0.0232998
0.0143191
0.0469633
0.019524
0.0248715
0.0240797
0.00897399
0.0239387
0.0863719
0.0203044
0.0267617
0.0214999
0.0254576
0.0271335
0.0218588
0.0964322
0.0844159
0.0453559
0.0277168
0.0226999
0.0214966
0.0578511
0.0592255
0.0317585
0.039523
0.0236667
0.0865548
0.0448039
0.0242413
0.0721594
0.051304
0.0866513
0.0814909
0.163422
0.121103
0.0214576
0.0350555
0.123241
0.0991357
0.0938183
0.0663594
0.14798
0.0600352
0.0578134
0.453435
0.152415
0.22335
0.111149
0.0694756
0.14772
0.13597
0.127315
0.187269
0.304735
0.16414
0.158932
0.0817837
0.144099
0.171419
0.265644
0.142113
0.292758
0.893798
0.71616
0.797599
0.28261
0.16663
0.328153
1.04974
0.894504
0.56655
0.116238
0.354357
0.351255
0.17057
1.16351
0.306737
0.457114
0.499782
0.454399
1.22427
0.239119
3.6161
1.22506
1.10221
0.389397
0.653091
1.29446
2.94152
0.531067
1.38413
0.564896
0.529015
3.14567
0.312958
0.64454
0.698427
3.29075
2.78323
2.82218
5.75809
0.662133
0.24999
1.49056
4.93808
1.88915
2.36566
1.23789
0.22328
2.05877
2.01102
1.85562
0.995103
1.92412
2.98481
0.972947
3.58259
7.25854
6.82496
2.14746
2.05379
6.78209
6.73705
6.20592
3.56699
