0.000195962
2.6868e-05
2.1959e-05
4.2927e-05
4.0031e-05
4.1645e-05
7.2648e-05
6.0312e-05
5.9765e-05
8.3326e-05
0.000128353
0.000133743
0.000114391
0.000154595
0.000150849
0.000104522
0.000184546
0.000228954
0.000156812
0.000189718
0.000109506
0.000261003
0.000281709
0.000317294
0.000460928
0.000381075
0.000286931
0.000548384
0.000326278
0.000718873
0.000818008
0.00087803
0.000900396
0.000882187
0.000793401
0.00137543
0.00108513
0.00179729
0.000731013
0.00162952
0.00280735
0.00237064
0.00322624
0.00221508
0.00227143
0.00449461
0.00250153
0.00238526
0.00533414
0.00681143
0.00417494
0.00673765
0.00282771
0.00553778
0.00761963
0.0110232
0.0118894
0.0159576
0.0161416
0.00994037
0.0150897
0.0148358
0.0147429
0.0218419
0.0147571
0.0219889
0.020946
0.032868
0.0141651
0.0347615
0.0316287
0.0570939
0.0584299
0.0677501
0.0825548
0.0525372
0.067557
0.0543524
0.103118
0.0499182
0.062083
0.100221
0.121923
0.0806774
0.132504
0.186103
0.230263
0.208216
0.243477
0.192052
0.499727
0.264252
0.419119
0.545528
0.254598
0.373812
0.469534
0.520459
0.537703
0.679754
0.442276
0.890714
1.75152
0.864273
1.08419
0.919949
1.39011
1.12831
1.56614
1.96686
0.715162
2.67867
0.646708
2.85089
0.907412
4.17872
2.94815
5.21895
3.39037
3.84897
4.35173
9.32113
3.09417
5.97061
4.87855
8.90344
11.5676
5.30587
14.4036
19.3656
17.9438
15.8163
