0.000135329
2.814e-05
2.3441e-05
8.3547e-05
6.429e-05
6.5398e-05
0.000129176
0.000120294
0.000114769
9.6913e-05
0.000270757
0.000273702
0.000172386
0.000288905
0.0002802
0.000204973
0.000332536
0.000392188
0.000222651
0.000351521
0.000170242
0.000555145
0.000420055
0.000554998
0.000870339
0.000636515
0.000457113
0.000815013
0.000463971
0.000947699
0.00133424
0.00127136
0.00133612
0.00124869
0.00135933
0.00235724
0.0018717
0.00245889
0.00133679
0.00284808
0.00407845
0.00403451
0.00398287
0.00406306
0.00407026
0.00635861
0.00428139
0.00404488
0.0086423
0.00890941
0.00700036
0.00955443
0.00422745
0.00742431
0.0140129
0.0135787
0.0174891
0.0203665
0.0217391
0.0135421
0.0265161
0.028722
0.0310014
0.0310211
0.0224706
0.0317451
0.0308652
0.0446693
0.0206795
0.06244
0.0586698
0.0752557
0.0956484
0.110072
0.120872
0.0728429
0.102752
0.0741121
0.162588
0.0761684
0.0908162
0.157356
0.157538
0.128398
0.187154
0.312618
0.294966
0.320221
0.373931
0.273713
0.68965
0.37376
0.574786
0.742068
0.385717
0.569056
0.640397
0.679901
0.742428
0.862231
0.598088
1.32616
2.55264
1.53913
1.64402
1.32347
1.94279
1.72746
2.37895
2.86472
1.19719
3.80059
0.806159
3.9555
1.29311
6.71993
4.07771
7.30649
5.50108
6.27622
5.67037
14.3715
4.37802
8.25837
7.35268
12.3638
16.7087
7.17303
22.7192
25.951
29.335
23.8666
