0.000123487
2.6587e-05
2.3692e-05
7.0878e-05
4.8833e-05
4.8533e-05
9.3628e-05
8.2197e-05
7.8354e-05
0.000103318
0.000198096
0.000180005
0.000141599
0.000178725
0.000227524
0.000150956
0.000291492
0.000271607
0.000165854
0.000251291
0.00013833
0.000333634
0.000408133
0.000429903
0.000641959
0.000500693
0.00042056
0.000670514
0.000420747
0.0009798
0.00113529
0.00117058
0.00110529
0.00108232
0.00146499
0.00222282
0.00160416
0.00209113
0.00100083
0.00265954
0.00373529
0.00355098
0.00351417
0.00316602
0.00299142
0.0062183
0.00335658
0.00367361
0.0076272
0.00889745
0.00536804
0.00813744
0.00353186
0.0080398
0.0100837
0.0125223
0.0152482
0.0193999
0.0220107
0.0135531
0.0185222
0.0221891
0.0219832
0.028555
0.0210526
0.0312289
0.0284985
0.0412485
0.0187254
0.0481175
0.0425937
0.074827
0.0790649
0.100152
0.114372
0.0703973
0.0924391
0.0750697
0.13811
0.0717624
0.0786892
0.129186
0.162214
0.110861
0.179505
0.247894
0.292117
0.299251
0.326133
0.247097
0.668481
0.347229
0.540801
0.702304
0.322389
0.489964
0.587497
0.658804
0.673344
0.848682
0.547015
1.15461
2.39437
1.09102
1.47792
1.21508
1.81099
1.53482
2.04568
2.60023
0.942087
3.49172
0.868041
3.79438
1.13862
5.57461
3.87502
6.68611
4.84685
4.8093
5.75094
12.1597
3.95754
7.82148
6.22485
11.4775
15.395
6.98349
19.1635
25.2241
23.4945
20.4744
