2.5581e-05
3.1218e-05
1.9281e-05
3.9582e-05
3.9411e-05
4.0724e-05
8.6817e-05
7.7662e-05
5.7234e-05
8.7433e-05
8.7512e-05
0.000125412
0.00018465
0.00018357
0.000175319
9.3737e-05
0.000187038
0.000155952
0.000223672
0.000221327
0.000184236
0.000406494
0.000284587
0.000480921
0.000490945
0.000592881
0.000451783
0.000586349
0.000563029
0.00057232
0.000731116
0.00102811
0.000828612
0.000961701
0.00138356
0.00127634
0.00103843
0.00114305
0.00190404
0.000802735
0.00204538
0.00171169
0.00330504
0.00260623
0.00169884
0.00379203
0.00244735
0.00308572
0.00402133
0.0027905
0.00576437
0.00355327
0.00679719
0.0100707
0.0133731
0.00626033
0.00952291
0.00747979
0.010886
0.00851103
0.0156182
0.0214657
0.0158781
0.00886678
0.0149359
0.0209454
0.0118956
0.0365696
0.0255364
0.0378873
0.0335928
0.0269735
0.0327929
0.0649818
0.0515931
0.0521142
0.046399
0.123083
0.0830688
0.084619
0.104577
0.124906
0.0846759
0.110347
0.125753
0.131543
0.150347
0.188667
0.25622
0.188123
0.457691
0.261603
0.231071
0.67504
0.476188
0.378734
0.545021
0.625144
0.760722
1.1094
1.01556
0.455329
1.04092
0.456284
0.614995
1.71609
1.52152
1.13339
2.65264
1.6302
2.49726
2.98503
2.58619
1.78198
1.18755
4.2015
3.16192
6.05035
3.61419
2.81608
5.79977
8.75063
4.7217
10.7432
8.73901
7.55208
10.4912
9.64879
10.8497
14.2901
13.21
22.1907
