2.6752e-05
2.2946e-05
2.062e-05
6.512e-05
7.0293e-05
5.4546e-05
0.000144082
0.000123379
6.4485e-05
0.000106239
0.000126882
0.000191639
0.000272763
0.000360776
0.000279352
0.000152636
0.000239199
0.000206194
0.000370249
0.000305821
0.000293099
0.00066463
0.000466986
0.000678779
0.000741736
0.00101399
0.000693435
0.000887325
0.000780613
0.000862577
0.000997847
0.00146472
0.00109218
0.00156471
0.00214833
0.00186838
0.00140125
0.00174843
0.00259041
0.00140292
0.0033134
0.00284847
0.00557045
0.00326606
0.0024736
0.00568346
0.00319719
0.0046865
0.0073987
0.00380295
0.00757999
0.00584599
0.00943875
0.0165136
0.0175772
0.00840513
0.0139359
0.00998187
0.0173204
0.0118534
0.0232632
0.0322563
0.0257636
0.0131241
0.0242807
0.031278
0.0190891
0.0459863
0.0334543
0.0497743
0.0514986
0.043118
0.0417779
0.0994519
0.0820869
0.0756589
0.064546
0.177798
0.12051
0.117192
0.141553
0.191993
0.13518
0.15906
0.191192
0.164429
0.245366
0.29814
0.330601
0.259649
0.676686
0.370259
0.30784
0.918874
0.676554
0.584821
1.04415
0.807053
0.974307
1.62349
1.31851
0.726338
1.38626
0.596536
0.852682
2.56524
2.06188
1.62122
3.89707
2.47209
4.23037
4.57377
3.58594
2.32788
1.575
5.99219
4.12903
8.13135
4.73813
4.6818
7.41747
12.5131
6.02619
15.7315
10.925
10.4898
15.4558
13.8577
16.1073
19.2031
18.1264
31.4357
