2.432e-05
2.2242e-05
2.0823e-05
4.8712e-05
4.6936e-05
5.0061e-05
0.000110468
0.000101636
6.5078e-05
0.000105844
0.00010439
0.000160964
0.00022598
0.00025867
0.000211745
0.000144456
0.000212352
0.000190162
0.000300466
0.000274651
0.000244958
0.000502502
0.000387898
0.000646645
0.000676545
0.000841589
0.000621496
0.000812615
0.000761996
0.000905334
0.000941234
0.00129096
0.00116794
0.00154635
0.00199666
0.00168977
0.00128424
0.00162383
0.00248147
0.00106605
0.00279613
0.00252195
0.00379781
0.0032786
0.00231124
0.00491672
0.00369998
0.00417947
0.00820903
0.00360436
0.00617596
0.00527352
0.00931463
0.0151417
0.0183041
0.00908468
0.0137267
0.0103272
0.0138288
0.0106163
0.0187738
0.0279195
0.0222118
0.0131776
0.0226046
0.0274199
0.017004
0.0488862
0.0323818
0.0488693
0.0459018
0.0368419
0.0435344
0.0912574
0.071021
0.0670553
0.0561241
0.163564
0.108069
0.105163
0.138712
0.157933
0.11936
0.145814
0.160557
0.168262
0.201427
0.273197
0.329288
0.241297
0.587812
0.337397
0.289905
0.882578
0.627987
0.493004
0.71456
0.769012
1.01342
1.43655
1.2877
0.577078
1.45871
0.571487
0.816328
2.17686
1.92007
1.45077
3.44817
2.09519
3.42604
4.28911
3.4623
2.2643
1.5686
5.50729
4.07174
7.65541
4.68684
3.93406
7.45882
11.4994
6.12162
14.0812
10.9527
9.54826
13.3283
12.9917
13.6902
18.2452
17.1262
28.9501
