2.7823e-05
2.2606e-05
2.0068e-05
4.5267e-05
4.1492e-05
4.2666e-05
8.0348e-05
6.1012e-05
6.1612e-05
9.9923e-05
7.946e-05
7.6526e-05
0.000161723
0.000199683
0.000141449
0.000210993
0.000209198
0.000121878
0.000305209
0.000204541
0.000202908
0.000436475
0.000349965
0.000291676
0.000244723
2.8638e-05
0.000216435
0.000732207
0.000423636
0.000363627
0.000864858
0.000639441
0.000609379
0.00117647
0.00108634
0.00165238
0.000968934
0.00108041
0.00144561
0.00179573
0.0019925
0.0011618
0.00212317
0.00224155
0.00276849
0.00493081
0.00239136
0.00249845
0.00400429
0.00293166
0.00361482
0.00522257
0.00773102
0.00814937
0.00812832
0.00845784
0.0114854
0.0175834
0.0105342
0.00754401
0.0118022
0.0102057
0.0135994
0.0271961
0.0318126
0.0203995
0.0276266
0.0237515
0.0391256
0.039433
0.030828
0.0483156
0.0324991
0.0577143
0.0427031
0.0849269
0.089687
0.0686431
0.067068
0.0972893
0.102602
0.0900555
0.127594
0.118559
0.235077
0.197557
0.114002
0.353345
0.118399
0.228306
0.260665
0.226952
0.33434
0.364815
0.334298
0.510096
0.389272
0.521621
0.583422
0.622652
0.894634
0.726835
0.347827
0.903849
1.22261
2.05695
1.74378
1.4189
0.92023
0.809336
2.34279
1.83571
3.38201
3.67523
6.1491
3.06699
4.48911
4.19905
5.72255
5.87284
4.70855
9.22306
5.96484
9.10533
7.37159
9.79887
9.11619
5.67583
12.4172
11.5723
17.9723
12.0865
