0.000243278
4.7186e-05
4.3975e-05
0.000126114
0.000100465
9.9833e-05
0.000114964
0.0002393
0.000165158
0.00013109
0.000201508
0.000114397
0.000363172
0.000621967
0.000184571
0.000376048
0.000399839
0.000303275
0.00031639
0.000596591
0.000469881
0.00050491
0.000948895
0.00106775
0.00086893
0.00117532
0.000736446
0.000761932
0.000710575
0.00040189
0.00164911
0.00150326
0.00146291
0.00175163
0.00313325
0.00114624
0.00198625
0.0011694
0.00135119
0.00333419
0.00402119
0.000879024
0.00510894
0.00280395
0.00367072
0.00428579
0.00575901
0.00481333
0.00453074
0.00477681
0.00725606
0.0126242
0.00876007
0.00831892
0.0123144
0.00628099
0.0128384
0.0120713
0.0228754
0.01271
0.0223954
0.0167728
0.0230333
0.0145038
0.0293638
0.0371301
0.0515793
0.0577318
0.0215825
0.0472887
0.0546027
0.0458056
0.0889508
0.0565967
0.0528263
0.121383
0.0967466
0.118249
0.0912208
0.0926121
0.112719
0.275974
0.164111
0.234757
0.162888
0.150886
0.0681004
0.128566
0.331637
0.317139
0.356
0.674458
0.605873
0.473117
0.608973
0.326531
0.753607
0.751611
1.21981
1.40681
1.01391
0.975896
2.08387
2.4952
1.92432
1.6339
2.52691
1.87479
2.67919
2.32367
1.21967
3.33693
2.4158
3.5188
3.11005
3.42118
3.37148
6.50113
5.35184
7.63921
8.37907
5.14977
10.1317
6.9345
10.0529
11.983
5.99074
15.165
9.86563
30.6897
18.3149
14.1497
