2.8048e-05
2.3996e-05
2.2601e-05
5.436e-05
4.7996e-05
4.9223e-05
9.709e-05
7.9588e-05
7.3865e-05
0.000122672
8.5848e-05
8.9453e-05
0.000207539
0.000243413
0.000142289
0.00020276
0.000274261
0.000163561
0.000374866
0.000254764
0.000312241
0.000588875
0.000457256
0.000453566
0.000377021
3.0973e-05
0.000316614
0.000947445
0.000565785
0.000535535
0.00111818
0.000881724
0.000991771
0.00158993
0.00136762
0.00246083
0.00130765
0.00136601
0.00197812
0.00252526
0.00255252
0.00170204
0.00320007
0.00283082
0.00354611
0.0069805
0.00510962
0.00350226
0.00634311
0.00409207
0.00465081
0.00846862
0.00964006
0.00993162
0.0125809
0.0118679
0.0147913
0.0267117
0.0136509
0.0110083
0.0154916
0.0130387
0.0220513
0.0421194
0.0437644
0.0302219
0.0437419
0.035362
0.0572654
0.066717
0.0469429
0.072287
0.0447902
0.0919466
0.0589681
0.110447
0.11874
0.12169
0.100363
0.137574
0.156096
0.143994
0.188334
0.173759
0.309868
0.259486
0.155588
0.46139
0.192363
0.298247
0.339785
0.305698
0.46316
0.513565
0.47259
0.757694
0.703136
0.65853
0.776099
0.821251
1.35123
1.29217
0.521552
1.63147
1.77259
2.76454
2.42883
1.79589
1.36961
1.23931
3.13767
2.696
4.8256
5.49486
8.6895
4.0445
7.55832
5.90896
8.32377
8.85169
6.78377
12.8845
7.60962
12.5634
10.1847
15.3751
13.0604
7.4488
16.961
15.7388
26.3334
16.9348
