0.000160032
0.000182514
0.000141276
5.5189e-05
5.4454e-05
5.5212e-05
6.8728e-05
5.078e-05
4.9377e-05
5.8908e-05
6.0594e-05
0.000114645
0.000122236
0.000149266
8.3382e-05
0.000194711
0.000157498
0.000223269
0.000271209
0.000233377
0.000326616
0.000409632
0.00041706
0.000319749
0.000498987
0.000569467
0.000670149
0.00085222
0.000538887
0.000367497
0.000739998
0.000498446
0.00064501
0.000541317
0.00041239
0.00105692
0.00180135
0.0013446
0.00146649
0.00172051
0.00166391
0.00305361
0.00190011
0.00281484
0.00335951
0.00283822
0.00334995
0.00329465
0.00688826
0.0076323
0.00544454
0.00593562
0.00584285
0.00709126
0.0117038
0.00996305
0.0106343
0.0132715
0.0065152
0.0124891
0.00852529
0.0158991
0.0063292
0.0245205
0.032996
0.0179939
0.035152
0.020421
0.0355067
0.0575381
0.0263197
0.0216311
0.0488126
0.0461365
0.0360002
0.0586196
0.0681284
0.0778463
0.0801408
0.118009
0.0853423
0.109781
0.0685552
0.0879688
0.274862
0.139267
0.215569
0.293501
0.162741
0.191134
0.416063
0.261883
0.22083
0.200161
0.226876
0.537239
0.256098
0.547151
0.542316
0.505832
0.654397
1.07083
1.12703
1.39074
0.559869
0.831264
1.46973
1.38485
2.94072
2.479
1.80005
2.34667
2.32776
4.56551
3.30537
2.26191
1.99727
5.72776
3.75019
2.77097
7.13196
4.47767
8.37258
9.57838
7.44902
14.1825
9.4659
12.539
12.7524
14.3262
10.4051
15.55
