0.000130105
0.000155094
0.00017457
0.000104007
9.393e-05
9.9447e-05
6.4446e-05
0.00010337
7.088e-05
6.9502e-05
0.0001045
0.000204314
0.000176076
0.000415389
0.000229575
0.000310249
0.000253583
0.000333241
0.000396989
0.000434635
0.000634586
0.000671743
0.000489692
0.000601787
0.000859897
0.00104682
0.00141422
0.00169334
0.00102134
0.000808336
0.00127111
0.0011241
0.0010712
0.000922742
0.00120402
0.00217468
0.00284993
0.00235898
0.00187422
0.00339537
0.00209703
0.00379002
0.00322407
0.00449807
0.00560422
0.00349296
0.00691591
0.00480455
0.0101767
0.00971601
0.00841518
0.00865501
0.0130193
0.00901439
0.0196374
0.0137311
0.0136774
0.0191861
0.00954221
0.021369
0.0113828
0.0292962
0.00910214
0.032199
0.0419645
0.0256611
0.0526792
0.0368239
0.0567986
0.0728374
0.0431538
0.0287873
0.0610246
0.0788456
0.0528945
0.0865215
0.0890669
0.134654
0.14799
0.183702
0.133532
0.154851
0.0942287
0.161665
0.35404
0.17994
0.309793
0.417019
0.224988
0.301696
0.531287
0.397339
0.294705
0.339768
0.355661
0.773019
0.346982
0.797844
0.778143
0.892786
0.965537
1.37953
1.63339
2.47105
0.676149
1.17363
2.12425
1.94084
4.16407
3.29943
2.60864
2.97254
3.34383
6.78385
4.61624
3.42554
2.60524
8.29126
5.9662
4.02013
9.9618
5.96955
11.4392
14.2724
11.6754
20.8157
15.2127
20.5168
16.5847
19.176
14.0567
20.8264
