0.000122515
0.00015457
0.00017151
7.44e-05
7.0532e-05
7.9426e-05
6.1576e-05
8.6954e-05
6.4503e-05
6.7026e-05
0.000114474
0.000163775
0.000153548
0.000205181
0.000133101
0.000246707
0.000219059
0.000284574
0.000319458
0.000355326
0.000481658
0.00055676
0.000541168
0.000493361
0.000709523
0.000876351
0.00113484
0.00138886
0.000863625
0.000697444
0.00110529
0.000895953
0.000777243
0.000729338
0.00102251
0.00181114
0.00293809
0.00215322
0.00166623
0.00285865
0.00203683
0.0039956
0.00261419
0.00412913
0.00513637
0.00330686
0.00615029
0.00440888
0.00980655
0.00892455
0.00791053
0.00859429
0.0114742
0.00879011
0.0173454
0.0134972
0.0147738
0.0176259
0.00885361
0.0189639
0.0120499
0.0263394
0.00882279
0.0310682
0.0417822
0.0269343
0.0517845
0.0337695
0.0538912
0.0734885
0.041116
0.0279739
0.0599426
0.073543
0.0471613
0.0845251
0.0877177
0.132741
0.130675
0.177431
0.120879
0.151107
0.0826244
0.129549
0.342806
0.174046
0.309728
0.421494
0.252744
0.284575
0.51398
0.381076
0.283101
0.314989
0.336702
0.726381
0.329905
0.77125
0.728426
0.849473
1.00494
1.39164
1.64793
2.28475
0.667995
1.14895
2.0487
1.90921
4.09458
3.26351
2.52788
2.93519
3.27882
6.60477
4.47823
3.26514
2.55184
8.10797
5.79089
3.90678
9.68708
5.902
11.3701
14.0532
10.8028
20.435
14.7217
19.8974
16.1018
18.7581
13.8193
20.2982
