8.7987e-05
0.000144229
2.0658e-05
6.382e-05
6.3929e-05
7.3655e-05
5.1686e-05
7.532e-05
5.4599e-05
5.8171e-05
8.682e-05
0.000150017
0.000243157
0.000191864
0.000180206
0.000311421
0.000198754
0.000167631
0.000301359
0.000326938
0.000458526
0.000526993
0.000406005
0.000476966
0.000670107
0.000828406
0.00105383
0.00138338
0.000829587
0.000662964
0.00104704
0.000847181
0.000740981
0.000667191
0.000964224
0.00175078
0.00268506
0.00200302
0.0015374
0.00275975
0.00199264
0.00347559
0.00244596
0.00382635
0.00494126
0.00346566
0.00579628
0.0040186
0.00881711
0.00813671
0.00733879
0.00783639
0.0105159
0.00812343
0.0164658
0.0123454
0.0128389
0.0165056
0.0081273
0.0173643
0.0104149
0.0244849
0.00829826
0.0287651
0.0377413
0.025092
0.0459214
0.0295144
0.0503381
0.0646286
0.0373772
0.0256981
0.053345
0.0643603
0.042568
0.0758409
0.0779918
0.118781
0.118269
0.158747
0.112115
0.127771
0.0766367
0.11577
0.301951
0.145905
0.278927
0.376284
0.212633
0.249801
0.463287
0.342034
0.24739
0.273398
0.318563
0.608234
0.291195
0.681324
0.674685
0.708567
0.845643
1.19163
1.39087
1.99446
0.574289
0.95452
1.74923
1.59529
3.46211
2.92579
2.18902
2.50045
2.80988
5.73178
3.86183
2.78198
2.20635
6.72416
5.01427
3.47567
8.41121
5.20711
9.32868
12.1306
9.0508
17.4898
12.713
16.9811
14.969
16.0352
11.7105
17.5702
