0.000101494
0.000158193
2.0802e-05
6.7911e-05
8.0834e-05
7.4637e-05
5.4444e-05
7.9804e-05
5.6486e-05
6.0846e-05
0.000126558
0.000178772
0.000196603
0.000195283
0.000176164
0.000229067
0.000263
0.000241574
0.000312404
0.000486706
0.000466768
0.000545446
0.000413535
0.000481955
0.000693461
0.000882108
0.00108962
0.00140454
0.000838654
0.000669619
0.00106502
0.000865164
0.000753574
0.000693003
0.000955163
0.00177204
0.00265769
0.00203419
0.00159721
0.00280994
0.00199262
0.00369893
0.00254484
0.0040421
0.00508654
0.00320912
0.0059385
0.00430575
0.0096102
0.00838625
0.0078832
0.00848862
0.0115571
0.00861167
0.016913
0.0134057
0.0133929
0.0172013
0.00859312
0.0185193
0.0106247
0.0261513
0.00867324
0.0302796
0.0405347
0.0247211
0.049728
0.0316922
0.0525744
0.0706284
0.0393359
0.0272251
0.0576564
0.0711379
0.0461513
0.0813864
0.0839375
0.129102
0.124566
0.171219
0.119122
0.139257
0.079738
0.132158
0.329922
0.16358
0.303336
0.420332
0.219155
0.262413
0.495182
0.367116
0.263783
0.311274
0.314057
0.691148
0.323261
0.729229
0.687557
0.791369
0.965426
1.30801
1.53301
2.16695
0.640481
1.1037
1.96006
1.77899
3.79259
3.36513
2.42014
2.73578
3.04375
6.04566
4.21321
3.03218
2.44241
7.36378
5.43064
3.70251
9.18553
5.41012
10.3007
12.4156
10.133
19.207
13.7344
18.6114
14.7102
17.2957
12.7705
18.7594
