0.000114068
0.000131839
8.6963e-05
0.000214277
0.000187831
3.1405e-05
8.7358e-05
5.5316e-05
6.636e-05
0.000144752
0.000115437
0.000186395
0.000242824
0.000242879
0.000325199
0.000520531
0.000513216
0.000489574
0.000972702
0.000977463
0.000908898
0.00214639
0.00188804
0.00273026
0.00405582
0.00214887
0.00643984
0.0123547
0.00938516
0.00881035
0.0209208
0.0209958
0.0152814
0.0361293
0.0431658
0.0447516
0.0828991
0.0996735
0.0682259
0.159759
0.142157
0.140347
0.283978
0.41508
0.33494
0.584839
0.671678
0.762069
1.26499
1.89541
1.55106
2.46864
3.50363
3.07144
6.20649
6.74038
5.86757
