0.000184993
0.000175177
0.000141964
0.00024926
0.000324642
4.1349e-05
7.7148e-05
5.7663e-05
8.5574e-05
0.000164599
6.8842e-05
0.000149746
0.000142701
0.000131915
0.000111233
0.000187102
0.000177898
0.000124566
0.000144662
0.000167103
0.00017261
0.000323691
0.000249831
0.000496014
0.000318785
0.000388762
0.000443752
0.0011594
0.000523909
0.000656534
0.000859639
0.000971499
0.000584301
0.00071852
0.00103846
0.00111299
0.00137641
0.00160555
0.000987111
0.00135236
0.00118281
0.00112807
0.00166622
0.00332728
0.00199728
0.00350945
0.00334054
0.00316403
0.00433312
0.00772834
0.00446472
0.00507101
0.00717541
0.00498444
0.0094586
0.00896328
0.00847995
0.00972809
0.0126679
0.018644
0.0143813
0.0105311
0.0187081
0.0161781
0.0189379
0.0161533
0.0161513
0.0165283
0.0331047
0.0278218
0.0301103
0.0369558
0.0617174
0.0290057
0.0351426
0.0932193
0.0886748
0.0821737
0.139299
0.0804326
0.0995104
0.107933
0.0895336
0.136404
0.231722
0.192626
0.0601369
0.117797
0.230201
0.18015
0.332648
0.183218
0.32576
0.368264
0.395927
0.426769
0.689849
0.513057
0.20065
0.667825
0.446235
0.825559
1.14019
0.974243
0.571663
1.08435
1.64327
2.20679
2.67972
1.61909
1.50471
1.15356
3.63964
1.64376
2.56118
1.90161
2.07764
2.87497
3.33109
3.06074
4.54839
6.71944
10.0782
8.39701
9.98235
4.90756
8.06115
10.0342
7.89065
15.9753
17.4555
17.9825
