0.000170965
0.000156333
0.000150959
0.000346294
0.00051504
6.1507e-05
0.000130536
8.3771e-05
0.000105339
0.000155081
8.3024e-05
0.00017317
0.000176796
0.000196235
0.000138412
0.00028968
0.000245264
0.000208448
0.000195132
0.000205937
0.000219233
0.000408902
0.000357631
0.000749494
0.00043795
0.000565107
0.00082154
0.00106177
0.000767806
0.000796368
0.00143415
0.00124444
0.000637115
0.00156258
0.00166397
0.00165916
0.00211733
0.00194747
0.0014823
0.00215791
0.00181079
0.0015305
0.00242184
0.00466404
0.00319151
0.00462533
0.00406091
0.0055293
0.00616484
0.01052
0.00735223
0.00704451
0.00988532
0.00646519
0.0151144
0.0121431
0.010069
0.0143355
0.0250371
0.0250906
0.0180083
0.0159907
0.02409
0.0200145
0.027558
0.0198219
0.019639
0.0173562
0.0488509
0.032494
0.0400711
0.0537425
0.0831562
0.0383053
0.0486562
0.121871
0.121421
0.112691
0.219477
0.124455
0.173131
0.156044
0.121042
0.188887
0.362523
0.286674
0.104803
0.184817
0.308653
0.256838
0.466421
0.262359
0.441354
0.485497
0.732236
0.551942
1.16152
0.718969
0.274622
1.02672
0.790452
1.07784
1.67728
1.396
0.859178
1.50939
2.3202
2.99818
4.02165
2.22159
2.31083
1.63341
5.31636
2.22628
4.01232
3.1535
2.99953
3.50484
5.31313
4.43401
6.02386
10.6665
14.6405
11.4725
14.1025
6.91518
11.6045
12.7176
11.1117
23.4122
27.56
25.289
